rep,id,eta_Cl,eta_V1,eta_Q,eta_V2
1,13,-0.420234572572125,0.46545344244936,0.369075927010662,1.20061749338304
2,13,-0.403225005261133,0.710800764355686,0.44619776757697,0.897794734125678
3,13,-0.41143705161547,0.339285733370309,0.193489065957354,1.01191343427745
4,13,-0.31945176646029,0.670628964310028,-0.986405516516466,0.784892954431879
5,13,-0.43523490142559,0.588039025937063,0.505360094333318,0.24010887702248
1,12,0.476974585749277,0.280820872409425,-0.916185631052965,0.607017648975603
2,12,0.493608642033553,0.297200188949163,-0.323508026486705,0.137536785016577
3,12,0.465998647492484,0.357327854043914,-0.8449802166228,0.3847761654274
4,12,0.432402249787069,0.327437130027639,-0.334169753294613,0.474867778261205
5,12,0.497192655937718,0.486048313401596,-1.49845570238235,0.688855132488052
1,15,-0.487598831867125,-0.642822369955743,1.0071723808831,-1.69580789392173
2,15,-0.591513880649839,-1.08875092329479,0.944438681377767,-0.164348440867828
3,15,-0.54115361454302,-0.694374424069634,-0.938748974610534,-0.890299271647132
4,15,-0.495632727503641,-0.61357103177436,1.03262423155617,-1.473393546334
5,15,-0.576391511233985,-0.953072500107001,0.899394754896687,-0.449417958452909
1,1,0.130007082498883,-0.2866175162675,0.00754264859146714,0.872417172107225
2,1,0.144235567824635,-0.416338789939758,0.509691598043303,1.15009422153481
3,1,0.177371630024158,-0.428597095387714,0.5285861207478,1.31181269099811
4,1,-0.0176118698964314,-0.317868317486467,0.455588675259465,1.42476731054785
5,1,0.0726460316660429,-0.142296880151662,-0.0898786011859212,1.43086787769576
1,14,0.580630149695045,0.969780695833103,0.323701462493095,-0.427979824237668
2,14,0.574224952917407,0.980295183391837,-0.0682061015337991,0.176835660358748
3,14,0.571313745635594,0.912775890372315,0.187828736012258,-0.51660493263342
4,14,0.621499202034084,1.09776593233173,-0.678154553540701,-1.76857613456374
5,14,0.589833039575293,0.905622724162988,1.02550308361888,0.373348637236925
1,8,-0.559051165271485,-0.28205423577467,-0.247889644620561,-0.696059309450256
2,8,-0.553183208999222,-0.186842211882421,0.161738496408976,-1.79078806245205
3,8,-0.575049059136858,-0.426376216980497,1.03543525465599,-0.568078488394024
4,8,-0.594220538531583,-0.797888939603337,1.56210086559575,0.0171400086167006
5,8,-0.54430055216809,-0.52510580894245,2.64075184293403,-0.180789997343731
1,10,0.804901886288094,0.876354680361587,-0.975896106243326,-0.142872603324663
2,10,0.72206519985232,0.876612878562137,-0.234252628797213,0.821114113846309
3,10,0.814616014366877,0.789068114064728,-0.734189689016417,0.229615310848648
4,10,0.82601284586475,0.739685307173043,0.43221580734318,0.365912218856298
5,10,0.815051612069025,0.863222104206352,-0.722192506866462,0.369950732468299
1,9,0.0286376500034025,-0.599677460834238,1.25658622532481,0.721439344521604
2,9,0.0306598193558916,-0.812165498593198,1.12627569165593,0.433378039593951
3,9,-0.00639056737219645,-0.0703400235779004,-0.195594197627898,-0.214978370148089
4,9,-0.0190637078043157,-0.288108775125939,0.356034973645862,0.30688658325165
5,9,0.124471150910534,-0.149826515920177,0.369279901787227,-0.130649071102205
1,4,-0.311700975595299,-0.308356434520301,-0.240256769873771,-0.326465645965458
2,4,-0.374968499176468,-0.228019427050304,-0.579323649620236,-0.488907295438066
3,4,-0.293244304176895,-0.195676648753775,-0.862482761642352,-1.09572287692731
4,4,-0.336282296921619,-0.228887427710461,0.665857819706794,-0.513200401324466
5,4,-0.314917428988852,-0.236990292118848,0.505502503862554,-0.811867432888016
1,3,-0.0624219847449075,0.0704924301083967,-0.14173815658643,-0.316882462285513
2,3,-0.093845896366866,-0.496255144153571,1.59996564033686,0.360516648351321
3,3,-0.0337321985871117,0.0208376247993938,-0.64469520742364,-0.820146299949842
4,3,-0.00259848634161575,-0.0336046469405784,-0.467198895923675,-0.446327553229371
5,3,-0.0429693576781465,0.0161770745067455,0.683395374378675,-0.222151857536905
1,6,-0.185370261568744,0.0651859239742838,-1.94933560824267,-0.185262355046246
2,6,-0.196320467485042,-0.153239692861974,0.581324647944582,-0.0125365310505798
3,6,-0.21274982317252,0.0823278025653758,-1.36553138461536,0.0599466414503813
4,6,-0.17012242368929,-0.178068593363773,0.42932292225359,0.0274784720526258
5,6,-0.21947568561776,-0.418082957048948,1.15622900683596,0.0679026341988167
