rep,id,Cl,V1,Q,V2
1,1,10.6117169987824,21.7629088354006,0.627062612602068,16.8181029235385
2,1,9.96784251893882,21.7629112626269,0.37748449990991,10.0147619808286
3,1,11.0404532226336,21.7629086999519,1.6337368447556,13.8067161459706
4,1,10.1581923684336,21.7629095666854,0.589198844124782,15.625353446862
1,2,16.5472540004664,21.7629091549751,13.7846663407889,15.7097062363
2,2,15.2103841262513,21.7629084471027,12.4917871151433,9.1930732552626
3,2,16.4785870107706,21.7629099303508,13.4002557518207,12.6271903322949
4,2,16.7676166153406,21.7629088341754,11.469913144189,8.42348997392225
1,3,10.4196572305682,21.7629098789371,69.5378944699324,8.6768158067905
2,3,10.7688787347883,21.7629097886904,932.981839912579,10.6501041979799
3,3,10.012868515696,21.7629069650023,2102.06507905467,13.193947722782
4,3,10.6844417572879,21.76290810678,49.3817029974483,8.62573448048928
1,4,14.6710252659285,21.7629086534585,60.2576818652107,12.9510645414255
2,4,14.6403074841664,21.7629084626554,42.7564260360639,11.1765917016051
3,4,15.20292971492,21.7629083719669,33.3284576946732,12.5616041557776
4,4,14.4399732959074,21.7629090540887,256.160926365966,10.9616396682825
1,5,10.1883479909071,21.7629093173622,484.091351987212,9.30124999047161
2,5,10.5700407238455,21.7629092955172,515.589894608799,13.5069195709922
3,5,10.2287225416985,21.7629094484787,48.0066558717097,11.0695842734548
4,5,10.2841459402264,21.7629082961425,46.6563300427135,7.66523603739659
1,6,16.3055304495315,21.7629074516097,14.098997983978,6.60724038543666
2,6,17.2905503888157,21.7629104705806,14.545375489698,9.58926827002147
3,6,17.9818861168422,21.7629100093741,27.6356268096892,8.66639347507723
4,6,16.8137560933795,21.7629096912966,5.15639394389298,10.2343651604676
1,7,10.3411584236903,21.7629092570158,265.231951416556,5.64605542182906
2,7,9.40761636123665,21.7629094716129,55.6143423273344,4.42761848250556
3,7,9.85333913194708,21.7629108992593,121.952459465628,4.07094824645197
4,7,9.87943654469261,21.7629077233634,104.503784873112,7.3215047068416
1,8,11.3568723085384,21.7629082441495,5.52622779659574,24.4673506298266
2,8,11.3070970537453,21.7629076613464,4.44939352824136,19.867149218251
3,8,10.987315468924,21.7629086598887,3.42933463226651,8.83638015698842
4,8,10.0643278330532,21.7629085274284,5.80081470905936,41.7713828279828
1,9,18.886300574403,21.7629081617026,300.751899024588,11.577175399004
2,9,17.5471849999632,21.762906777469,64.0650171431649,15.6479943874332
3,9,17.3189483713183,21.7629087847233,136.063418669384,12.3348912412061
4,9,17.7742615816447,21.762908058242,56.4362758856501,13.6838713450771
1,10,19.368255156882,21.7629081644925,26.0455068791281,15.3198814100576
2,10,18.4025097519379,21.7629097155117,28.8275320328977,14.9419665365744
3,10,16.0119258211125,21.7629101132801,58.2060586353241,17.5812619588508
4,10,19.0103892439077,21.7629103130207,1013.2934394455,14.1667716933946
1,11,11.4298620758916,21.7629089989263,68.3079966525628,72.4163400779457
2,11,11.6285772003769,21.7629077163878,79.7781305041558,46.9406612634234
3,11,11.1180808038888,21.7629100560625,162.836701356742,46.1497138263185
4,11,12.0618874833336,21.7629084227971,99.5942645315676,44.6095427658777
1,12,10.0901499350967,21.7629108514229,0.559800354223237,7.63986242393821
2,12,10.518999660494,21.7629067075281,0.414937022687274,5.19396413141395
3,12,10.2664676766192,21.7629085382065,0.101411876420998,2.60258748959453
4,12,10.2992917368407,21.7629094596657,0.110324087790448,20.2025310516122
1,13,8.007984742484,21.7629092183745,251.759036488079,44.7282462217095
2,13,8.63177493068232,21.7629096900144,299.584267236347,47.8585989335874
3,13,8.71070414166537,21.7629102749558,159.914969702458,33.2621692072687
4,13,8.55221283028095,21.7629084310518,289.853995487728,37.1747274416778
1,14,19.6699179738118,21.7629079350292,52.4313123606691,14.9965967605664
2,14,18.0153741982094,21.7629103187137,257.092392735203,13.8641254514963
3,14,20.5153900762859,21.762908707057,214.125097015437,9.19750167365783
4,14,20.0761515883742,21.7629079157843,139.348302970274,10.9378263645447
1,15,17.873723395989,21.7629091811276,639.837157011765,19.1248208719342
2,15,19.643645249746,21.762908815303,222.003000937719,16.5865282869754
3,15,18.5229678465138,21.7629085573953,2000.86267604406,12.5596358569653
4,15,18.1347709327097,21.7629090352975,43.2720144073155,18.9854394441358
