rep,id,Cl,V1,Q,V2
1,13,22.8890507805539,72.5202946724348,142.43451084012,84.5403608377383
2,13,22.9408743072668,31.2775436975535,228.223053645526,111.683373802892
3,13,22.5119526492755,62.986923106219,127.723895903903,99.6983192346026
4,13,21.9844494107362,25.1480915639645,244.966161064206,108.754036595525
5,13,24.0004249813156,48.8271046948499,166.327867886662,95.1015133431661
1,15,9.5404348108403,13.1801001381142,22.8642441617198,6.46544347400184
2,15,9.68902635894801,12.9638096600469,23.1850031793254,7.15165754150745
3,15,9.98854227258431,16.9711388344131,5.56480410172726,4.39161580077799
4,15,9.80208426103594,15.0050255490765,13.0579197848762,6.02010596667736
5,15,9.99222083742076,12.9876291912398,21.1232873420201,6.54004248887432
1,4,43.0197929010704,13.4476235454145,184.8494352595,85.6349725187949
2,4,47.0080745777095,27.471361758091,247.181630671384,83.4366712527313
3,4,48.3419493300977,40.5982596737963,230.369719618742,76.6233264034492
4,4,45.7505078902709,19.9597450288429,246.002506187207,85.641934148925
5,4,48.8743196727443,52.6392203389879,227.732497998306,68.2204990032763
1,2,16.5390760659061,21.5514331039556,16.5899679635429,7.24931563397852
2,2,17.152017474668,20.4094725063048,13.5614785313612,9.91689990128527
3,2,17.68353812279,19.6519723588497,17.892312090592,7.54411330931875
4,2,17.049797577988,19.7592434800566,20.8093459133837,8.96948016557001
5,2,17.4839203813394,20.8994918987436,16.3893625402096,11.1644692892798
1,7,17.264995017044,96.3080390090652,77.036677241035,27.9440242056769
2,7,17.1865184363631,101.544793735274,55.3123252589946,24.7865289746713
3,7,17.7810297827004,88.5647319281059,98.2641086850228,30.0423112679125
4,7,17.0981308763531,105.410197738074,32.2245559807854,37.69387214425
5,7,17.4762141533315,100.228102398078,42.0300225037822,22.2677362318939
1,10,17.2954256162818,27.1648166593243,37.7831566501305,14.2250364511791
2,10,20.3234634003021,33.7163532753878,28.6749289669106,4.1433893071617
3,10,19.1682932309212,8.62577375050138,96.800928534638,26.4598635517366
4,10,19.935248754923,32.5861167137724,11.9518097695613,13.1427886272031
5,10,20.2443928397473,29.9201411589214,56.3034950892424,8.97077073010931
1,14,9.94434765390998,18.7457673716228,61.4318822447383,14.9127583329005
2,14,10.1060132482407,13.9588677116355,88.3111990723057,17.4687825786752
3,14,10.215251179788,13.8547736651803,61.4855351131647,15.6677415267789
4,14,10.4178109852314,29.1035755145254,8.31563258166118,3.31102743974207
5,14,10.4590403536261,16.5819464030059,74.3291442057385,13.1682040873991
1,5,11.1077855931969,18.5260132894533,10.3119301389705,14.1682968433007
2,5,11.5360054655865,19.9927802960533,7.72508665856481,24.9979482338338
3,5,11.8362244619604,17.420157579925,8.80158570836465,12.4258989698217
4,5,11.1752650419738,20.7385215971594,6.87420601775035,39.8509956961591
5,5,11.0307822437325,20.9387572619841,7.29237138466235,135.857016741837
1,1,18.0737411808812,20.7223836136065,34.583204986063,43.482026921065
2,1,18.7260927829816,22.9500685179033,31.6641593995374,33.825407716127
3,1,17.5763485004302,23.5960529633752,32.1393159613209,36.80470332142
4,1,18.0239284086658,19.6626163567529,37.1975438215351,45.2153355088767
5,1,17.7342268543474,17.6550722294387,44.3679753970685,40.4824431200864
1,8,9.67004330700931,18.5373521977016,240.389477253243,7.95194792346225
2,8,9.57702731883273,20.3386774140398,111.625112062451,6.3554219946479
3,8,9.42947523144753,11.7352559900322,271.173907705199,15.2658178382459
4,8,9.62696956324183,27.8479694531913,0.51269856959309,20.7012863733255
5,8,9.46013740313341,24.464256346161,57.9657617959487,3.23493744666922
