rep,id,eta_Cl,eta_V1,eta_Q,eta_V2
1,13,0.537909743910728,0.953998082772396,2.32944548677214,1.87865181453376
2,13,0.518303252520123,0.736434767308577,2.49432427628427,1.9471611292356
3,13,0.535237483462345,1.14963740317723,2.0410174024429,1.59656614021944
4,13,0.497193172929545,0.692953750655961,2.46516536186761,1.82880663894649
5,13,0.505141448657964,0.587796820025708,2.50028743902594,1.93581712735011
6,13,0.516024581114211,0.92584470149296,2.45537381601815,1.68882417190392
1,10,0.606229207192929,0.730146141498189,-0.620746724573304,0.461520660193388
2,10,0.639219411569407,0.70338184398355,-0.199938024817897,-0.55107963314323
3,10,0.554408380031205,-0.0404785504057172,2.04568641851262,0.517900442683076
4,10,0.553879716600827,-0.0489113511179506,2.03359545355138,0.532065203538324
5,10,0.600907711509416,0.658303569211709,0.295193974890891,-0.322995200511065
6,10,0.696089181213582,0.559882056341675,0.724667777765378,-0.407754399652462
1,6,0.293542689694158,0.639813584737452,-0.662994253302206,0.604677213395969
2,6,0.320732728495426,0.647880413648571,-1.22848283188937,0.982078718551792
3,6,0.300671301029316,0.709706900649092,-2.88727963097376,0.292317802056715
4,6,0.288308690632213,0.733578355016056,-1.39953701489312,1.11467630761222
5,6,0.226173489938354,0.713295197484545,-1.19787956441974,2.36439620541771
6,6,0.269137288496085,0.696501680357099,-1.10548362216966,0.411615996819118
1,12,0.268124379665605,0.395214044890727,-1.11741597015203,0.415537424868508
2,12,0.311904553093688,0.358268554316746,-1.55686641578062,1.32141512994122
3,12,0.325216621252975,0.340247024180516,-1.31410081585911,0.121434069116688
4,12,0.281763019232896,0.322906090645921,-1.42532588782242,-0.538426723393452
5,12,0.284732272262387,0.367088794891122,-1.2005444669676,-0.203158679880655
6,12,0.315741903097169,0.386140766564249,-1.3876696260372,1.46366626511034
1,15,-0.0736019380739705,-0.368175630797789,1.07001703540666,-0.449598625255124
2,15,-0.0382200182556107,-0.218104494735474,0.591111031471209,-0.676140838276506
3,15,-0.0360435611997869,-0.361699894364808,1.06781438157644,-0.395720498734203
4,15,-0.0496604968294263,-0.724012734985469,1.37665352488339,-0.194287576466695
5,15,-0.0459220802427391,-0.332855560622141,0.917093065530107,-0.543623676745296
6,15,-0.15366033404935,-1.264858054725,1.51119127801299,0.0545544077100382
1,5,-0.588239615297832,-0.523654963279624,-1.33636546281632,0.970748127028793
2,5,-0.584757688967447,-0.481429807529199,-1.4741566222235,-0.10503184464487
3,5,-0.546433102395502,-0.510267716403082,-1.39058973135639,-0.300697285767434
4,5,-0.583751651755864,-0.497366676482631,-1.45852360407541,1.20087543742401
5,5,-0.563808209603775,-0.467574723471602,-1.43593809139883,0.450184658985265
6,5,-0.566124692923154,-0.493972051486837,-1.5608232847765,0.831580717091235
1,3,-0.209722490790519,-0.189102107852787,-0.226660415679141,-1.06298147895908
2,3,-0.152417341771732,0.0328224064338176,-2.04393487515168,1.44120221751469
3,3,-0.0809330245221114,0.0060439807064312,-1.58732363684794,0.530747658251564
4,3,-0.159151505390617,-0.0388789455684697,-1.00084474930539,-1.29262590617521
5,3,-0.181760254676944,-0.0225483805909317,-1.51915753433824,0.0980560617896553
6,3,-0.0895862374882053,-0.140718630827555,1.76063891662726,-1.6450064291002
1,8,-0.765706650684279,-0.379563740560782,0.596596550255234,-1.69091963162633
2,8,-0.767283408587022,-0.249580066943822,-0.904210454053613,-3.61124209131103
3,8,-0.738681681941879,-0.311515689123846,2.06681502752032,-2.56001992120146
4,8,-0.794277600529323,-0.46453730967418,1.44973834081228,-1.47710645465103
5,8,-0.721179655609578,-0.403931292289569,1.37185374031435,-1.82561769888777
6,8,-0.788689097786253,-0.257440918958629,-1.63980551689226,-1.92907256336924
1,9,-0.195003389484553,-1.18468000368801,1.10481806454625,0.0248929984298907
2,9,-0.170745454795163,-0.978780750093198,0.863590515000836,-0.0763970841301176
3,9,-0.0790192519918569,-0.476893486316956,0.741534246543593,-0.528755411395486
4,9,-0.193135509159284,-0.783500226512204,0.643331588020032,-0.0936092775011224
5,9,-0.0933056213347196,-0.703800372359557,0.678477253033326,-0.279094056272424
6,9,-0.119752906291605,-0.0266367256149587,-0.446434619698246,-0.567775520301868
