rep,id,Cl,V1,Q,V2
1,1,16.6286972211545,21.7629082314183,39.7358173216386,60.6060417509862
2,1,18.880320851377,21.7629094067639,21.9925011057397,34.1482750822375
3,1,19.9942261993617,21.7629093994126,37.3829544826459,27.2134541237186
4,1,17.7847745015075,21.7629105781118,33.7832977272373,33.1701608892612
1,2,12.0691388401326,21.7629091665391,88.4189691679758,60.8904697363636
2,2,10.9542433352743,21.7629082517408,78.7049047279292,40.7137963392544
3,2,12.3046354436633,21.7629097656954,111.52749069449,45.7676676675948
4,2,12.0352945568881,21.7629098834878,405.577391974078,41.0435446781814
1,3,17.0458708035419,21.7629094143652,5.66008365493396,21.8793001118012
2,3,17.6688197165396,21.7629084355165,21.6022134570821,8.93456212797433
3,3,16.2508295864544,21.7629074016256,13.1770372749703,8.07503974514965
4,3,15.8589145489965,21.7629085627289,5.67074941548605,10.3758226306228
1,4,15.034665758777,21.7629090285847,24.859483801384,33.1508197040962
2,4,15.6080089183838,21.7629079315813,26.1043162150784,43.8457565743776
3,4,15.9284056957981,21.7629089684057,25.4544747783492,47.7940918990094
4,4,15.0548061544665,21.7629104925791,34.9271532784535,37.6500276659388
1,5,17.1663536401568,21.762908816864,96.5825685381761,14.2676979177168
2,5,17.1097303900234,21.7629092556839,73.9770290722924,19.6859536112973
3,5,16.3155303001261,21.7629091938667,53.7508758645441,18.5243475490688
4,5,16.6561930841635,21.7629084865833,39.4873264189058,11.9440547068557
1,6,9.85274924731736,21.762907102354,0.915487773140695,17.7376669561795
2,6,10.4339214954021,21.7629100742321,0.424116833195056,14.8206462886167
3,6,10.8669366156395,21.7629095093102,0.431864559039397,9.3211804809397
4,6,11.0086811433589,21.7629098687412,0.0252778440678999,23.3733725081961
1,7,16.6559045365925,21.7629077077836,100.959429788788,12.4232774543295
2,7,17.2880481897342,21.7629091795557,162.574916754723,12.4112762249016
3,7,16.9823251923324,21.7629088553333,3377.25059570317,12.5283677224142
4,7,19.1590313987355,21.7629090816125,75.7379303550529,15.7396530647416
1,8,19.0286614468114,21.7629081258773,39.2953720665266,15.7886360906869
2,8,18.5025070530597,21.7629090755183,36.29546903652,10.3035954819992
3,8,17.1294389266346,21.7629088044804,25.7370571021518,15.2670879297961
4,8,15.0240893488439,21.7629095590726,36.3572084057455,17.2050931112249
1,9,9.45083591900528,21.7629083501615,268.456294720161,35.2492457397276
2,9,8.89285032637588,21.762907798641,193.011499415502,37.7947600738629
3,9,8.71121775931148,21.762909716611,91.6683056215216,61.4630151132198
4,9,8.77680459872684,21.7629086362425,124.90672675706,39.6909775613727
1,10,16.1703861102835,21.7629097764959,75.0855150283958,14.847842894547
2,10,13.5362504023211,21.762909426592,23.2450024886809,14.9526444415401
3,10,13.1405383983579,21.7629100300818,22.6597350611487,16.2803074033688
4,10,14.8983553542271,21.7629101435814,37.6934427624091,13.3688997421187
1,11,9.48701552361793,21.7629100061247,0.21150752170624,65.6187521794093
2,11,10.330695368568,21.7629082737363,0.328504076390129,12.4897026711618
3,11,10.3868104295577,21.7629094725265,1.07673396503729,18.1398097169236
4,11,10.7136430463859,21.7629086423536,1.04749064049788,22.7155174132844
1,12,19.2656281532093,21.762908899327,1546.87584084442,17.3828464287828
2,12,18.7302353605476,21.7629089311383,664.850650228278,11.9024312055266
3,12,17.9867378275951,21.762907671211,28.8243031467261,16.9302378450022
4,12,18.0831027040221,21.7629085666467,34.6257902554915,16.306659589128
1,13,10.1697070175621,21.7629090828678,0.364454996929684,10.3514143146951
2,13,10.7745411620696,21.7629094659394,0.125196268971998,46.903353315554
3,13,10.4399772336579,21.7629090431596,0.010017936073615,18.2796193285307
4,13,10.2252024479411,21.762907911859,0.385377176798965,17.2284388675253
1,14,14.7562559621785,21.7629091107342,155.174508595505,10.9956512290942
2,14,13.834244963557,21.7629098543782,516.375453240616,16.4029622289668
3,14,14.3400640378014,21.7629083694879,77.2286181730309,7.28564900954663
4,14,15.137967847297,21.7629079990889,936.651936653703,9.09595774537524
1,15,11.497762885733,21.7629089873252,95.4632676287146,57.9026862147613
2,15,11.6800641279354,21.7629088850698,89.478780635785,58.8679918983777
3,15,10.7770723336753,21.7629086408093,105.630780174015,60.4108324493579
4,15,11.5890733317582,21.762909290825,93.8254671093538,52.6803282911472
