rep,id,Cl,V1,Q,V2
1,8,9.78229628724147,20.2311630535967,26.6599640179887,7.52214026877405
2,8,9.59036741654231,25.8221808813336,18.9850054977285,1.04937714692836
3,8,9.38602738896625,20.117226279263,146.022851672329,7.17256048435481
4,8,9.36509195014887,16.6536125074677,68.4446860874996,9.32454384914853
5,8,9.27290768184985,17.8972108083312,79.8791393277151,9.82585049051479
1,11,14.6581565770646,33.0074203481348,18.7615389390022,124.489401610575
2,11,15.5542818200419,33.4108041081103,18.8179604403826,39.1031975377956
3,11,16.1744526745788,30.6573782713135,13.7157762178875,92.0480338319699
4,11,14.7517621976467,32.5773425622784,16.3252162475309,165.077553107042
5,11,14.3127497141773,34.3376952760944,14.0472516512042,109.535350825873
1,6,28.0349519962406,64.2881770095084,12.9639294900994,20.3160757641706
2,6,28.0048220732346,69.5887753771183,11.6255712149997,204.28199764666
3,6,26.9327988897661,68.407405942246,12.4032666499679,207.221212076324
4,6,26.9050299039196,64.2126271599733,6.96598164219303,344.673995823124
5,6,28.4819592667005,67.1343396123995,11.1767330178712,156.498151735621
1,12,41.2684030419113,70.4427152221766,10.8068546205763,31.9767326521945
2,12,43.4447644930823,71.7242057831688,7.66657789829021,19.3134823470532
3,12,42.2129786879824,74.9582001973646,8.14101490024911,75.1507805792504
4,12,41.5101362435082,72.0749496568425,14.8621592283565,37.9313058963384
5,12,42.9694905077174,74.5405593877941,5.76157016603479,147.174427935711
1,9,18.1814054396332,25.4378187791224,26.1171338108384,16.4090789416004
2,9,17.8892182093548,21.9612009913951,30.8827842678084,15.4694669393702
3,9,17.5014949060954,20.3433878161381,37.4683143910352,19.5888147494137
4,9,18.7965341668289,21.8667652632038,35.5370891595815,11.9369878498401
5,9,19.593668374492,25.7391008361166,22.1365663245762,12.5331471952239
1,1,35.5760341520448,39.7191081312457,79.44963373103,104.285898602185
2,1,38.6200579533983,37.2485095384542,75.5761153936393,65.7720359288037
3,1,41.3685756235006,38.4628801525573,72.6701304906308,72.2215870347695
4,1,38.9396880367662,37.2486525796244,81.3223417388623,61.951272589963
5,1,39.6152379383021,35.9535956940063,78.066757814501,73.6464996664705
1,5,22.9354497358544,38.7828018027046,15.5618589681912,49.3603991950632
2,5,22.7347884337395,39.2444588407234,14.5755541603597,30.4606914110057
3,5,22.6607645450157,37.8695331742899,16.5174275097537,46.8852549666732
4,5,23.1308885689948,35.503560686479,20.9263452067169,22.9215062192017
5,5,22.4317165993701,36.7356040591607,17.0736882351566,36.0100041794733
1,7,8.67670563077675,45.9296871393668,48.7849672978336,17.3516872879036
2,7,8.84092875423068,49.4487545349314,31.1736965209234,43.7092676138435
3,7,7.7406603162359,60.4172737021535,22.2566439889689,108.558797187205
4,7,8.32767856314851,62.774352895566,18.7235831133859,27.4846368643049
5,7,8.56499639823453,48.7563969061589,20.1038756150535,29.4209778522439
1,13,11.7476513241911,46.2760616721924,33.5706307966983,41.4664496955525
2,13,11.7567822147071,30.4570444980202,76.6442391732832,41.5105384439942
3,13,12.2951350947905,40.039263492682,77.5731303606066,45.9617354035141
4,13,12.1750927252117,24.0445974639626,79.1997768537399,39.3889124188563
5,13,12.3677878158621,48.4331569826124,29.8135723908764,62.3518432644206
1,2,15.3394830381008,20.2567495217813,18.3145528437621,14.4762419739012
2,2,17.353716477056,21.2276712741422,13.9235193416426,6.81106105766855
3,2,17.7410020576012,21.8779351599455,11.0734432153721,5.79923297599664
4,2,14.5144008799066,22.4254821300216,11.0433844032538,15.7055728456203
5,2,16.680101976128,21.5931385316149,12.4330727022822,12.4365043721181
