rep,id,Cl,V1,Q,V2,SCRMGDL,tSCRMGDL
1,1,16.8352434569545,26.5013684994772,28.0400125286924,8.66142068467886,0.5,0.925925925925926
2,1,17.1244140308692,32.6612837357007,45.4143840320862,4.12353720735724,0.5,0.925925925925926
3,1,16.2465739957449,22.8491157340883,54.1766566088517,10.4834510066718,0.5,0.925925925925926
4,1,17.7879389589083,28.8599076048029,16.769389710225,9.85986422865228,0.5,0.925925925925926
1,2,11.8142354068996,47.4653227916004,31.6704114192135,32.7866411709959,0.26,0.481481481481481
2,2,11.6938871856798,49.8471194203214,16.5487124107121,38.8302808677609,0.26,0.481481481481481
3,2,12.4301693297623,46.794000312862,24.4275867820978,30.9969651962042,0.26,0.481481481481481
4,2,12.22694657028,49.9463235414911,30.3211164547592,34.0081499904489,0.26,0.481481481481481
1,3,9.69065164808382,14.1546324944723,17.9021198449454,5.47016288432177,0.55,1.01851851851852
2,3,9.63819306349026,15.6886688366334,16.385942625489,4.47280378894474,0.55,1.01851851851852
3,3,10.053938124321,9.76518526346875,41.1154289652639,9.42597788334115,0.55,1.01851851851852
4,3,9.85440703724534,12.4539934045211,24.7951570828873,6.8303328368469,0.55,1.01851851851852
1,4,18.6946584565653,18.7628559937074,39.8039117625333,35.7256680410324,0.46,0.851851851851852
2,4,19.0004712596111,17.5163186216422,41.2683870842912,29.4505953992417,0.46,0.851851851851852
3,4,18.0258655835369,19.8106120730095,37.0390290015991,29.8279718759471,0.46,0.851851851851852
4,4,18.4720441982172,21.7429149594336,29.8952492236184,49.6776881040227,0.46,0.851851851851852
1,5,19.227910251408,30.4030251675886,17.1755901719134,7.13297409888478,0.5,0.925925925925926
2,5,16.4352678356636,28.9603818871778,21.8815377673511,9.59016999131857,0.5,0.925925925925926
3,5,17.1464987129528,30.1617531280259,18.6365173101972,10.6333536268612,0.5,0.925925925925926
4,5,18.2881222234498,26.7041126565599,31.6668801375234,7.72754608253399,0.5,0.925925925925926
1,6,9.76859870240161,15.4704229958478,16.4101134788831,4.80776989217107,0.55,1.01851851851852
2,6,9.94981745356243,14.557436243132,15.8785675050309,4.5373479256365,0.55,1.01851851851852
3,6,10.3252583068364,11.5178705691339,30.941750026485,6.994355773119,0.55,1.01851851851852
4,6,10.4875543975237,15.6818269964053,17.2672056670413,4.10813519108765,0.55,1.01851851851852
1,7,8.25409030402045,52.1063253568934,37.6207736002993,20.0384760069853,1.02,1.88888888888889
2,7,8.64832733624674,58.8636643941717,18.1995256498589,12.9052699285721,1.02,1.88888888888889
3,7,8.63243464423048,47.1109971847775,41.5396514769853,22.1153243930376,1.02,1.88888888888889
4,7,8.62016080880829,52.7557856866124,18.8715752314986,14.482826655087,1.02,1.88888888888889
1,8,14.2047530400975,22.5135000746207,10.0177721539592,9.37492190578211,0.57,1.05555555555556
2,8,14.6336466874181,20.1832472838088,16.794422031331,5.65412525758288,0.57,1.05555555555556
3,8,14.7664634409719,19.5811866467528,21.0243564138583,3.70463987162783,0.57,1.05555555555556
4,8,13.6442027455429,18.901872396345,20.5383232762231,6.61194988543108,0.57,1.05555555555556
1,9,8.74288160297668,49.1680131877862,35.0391449946051,10.4275852607255,1.02,1.88888888888889
2,9,8.53943746200287,52.4713939022779,17.1947562324267,16.8859047924127,1.02,1.88888888888889
3,9,8.79500503591563,51.4565032274861,30.7819532211894,24.3901907204569,1.02,1.88888888888889
4,9,8.33007662494436,44.8707478466868,52.0091300786123,25.907488358159,1.02,1.88888888888889
1,10,12.3947112779484,23.7500000984752,15.5033946559619,9.1196557293557,0.54,1
2,10,12.178592328583,18.9859965763827,40.2951453116044,12.3891712049789,0.54,1
3,10,11.7762080979016,24.0594788021287,24.733920090113,5.99246340243432,0.54,1
4,10,11.819671492426,21.746139423841,27.8955728963633,8.69960396775968,0.54,1
1,11,18.1245269545488,22.0067474271378,37.1512082630062,17.607947150976,0.48,0.888888888888889
2,11,18.5795972819476,21.2433478390411,32.4184553949033,17.893048412487,0.48,0.888888888888889
3,11,16.9018954608158,17.1005681218181,66.1961746249998,21.2668097356173,0.48,0.888888888888889
4,11,18.0712551608096,15.5337630100729,62.0085121868883,18.3275112614627,0.48,0.888888888888889
1,12,9.65368752164915,15.8858912520946,10.0314688871459,5.00533537357691,0.55,1.01851851851852
2,12,9.3709929580527,15.3882768086162,15.5171636140453,5.88246334068249,0.55,1.01851851851852
3,12,10.2419957628526,12.5170013878265,26.8079636489012,7.34281073225096,0.55,1.01851851851852
4,12,9.94452169092718,12.5425272092058,22.1098650929624,7.19624781116131,0.55,1.01851851851852
1,13,19.0731517932847,27.7355094536278,29.7516298349143,6.65912492597715,0.5,0.925925925925926
2,13,16.5875215867865,28.4625531514631,22.2543806621767,8.61242018138682,0.5,0.925925925925926
3,13,17.4671277162314,26.250198270571,25.4889887178656,10.3887005793885,0.5,0.925925925925926
4,13,18.5821455709464,27.5969621984816,15.8701642755833,5.88237776518738,0.5,0.925925925925926
1,14,12.4023736808566,22.7578968921864,16.8631777399148,8.86174104586873,0.54,1
2,14,12.985591816163,23.2718144600518,15.7003079545191,8.38905955792965,0.54,1
3,14,12.2828799994026,20.3759926544395,29.9216251458529,8.46463278468263,0.54,1
4,14,11.6430382750784,16.9686148886614,39.6029948263994,16.3925210766507,0.54,1
1,15,18.4467455785219,32.6702102688503,21.7558218367034,6.13231007543817,0.57,1.05555555555556
2,15,19.7840344459073,32.4605607587719,12.8247852774043,7.80235610885801,0.57,1.05555555555556
3,15,18.8289887792742,27.0697227870485,24.8392717056993,23.4074241137294,0.57,1.05555555555556
4,15,18.9710535027955,30.1714107954751,21.7970866551524,11.2174798672339,0.57,1.05555555555556
