rep,id,eta_Cl,eta_V1,eta_Q,eta_V2
1,6,-0.0425079378297131,0.193506418975675,-1.78756100545601,0.773950680051014
2,6,-0.163450195608501,0.214955624155449,-1.19960957615719,0.841132553367246
3,6,-0.105015361584762,0.14957202401922,-0.869599353831807,0.164298915861461
4,6,-0.16063738715806,0.211607778034252,-1.35798846225668,1.37049078022034
5,6,-0.139402869136587,0.163358782312769,-1.48953931318152,-0.460471786015276
1,14,-0.452463481023337,-0.214057846071866,0.613990654350674,-0.707799600466626
2,14,-0.475947613976091,-0.291188379738093,1.55127510012355,-0.539489175236036
3,14,-0.461355378293937,-0.211844144790193,0.841075886284178,-0.58495975954572
4,14,-0.413222899789026,-0.505883451545987,0.889962912401165,-0.302517946049495
5,14,-0.434029301283803,-0.490704069667255,0.982718512693277,-0.197255988195231
1,10,1.32544557520012,1.1006188505015,1.96013589610879,0.496876485268744
2,10,1.28098048288494,1.3147807942748,0.296490309648569,0.102127598015532
3,10,1.33917366985271,1.23070920547084,1.5429078695938,0.0298478311261126
4,10,1.30233759198232,1.38672632522139,-0.198782023736219,0.340676999424356
5,10,1.26603064243546,1.32687479807269,0.554137746023215,-0.153397136521701
1,4,-0.280402837718912,-0.148316382446501,-0.267461769733826,-0.876542574730796
2,4,-0.210714366733055,-0.311704970633133,0.247575417919805,-0.42085032783822
3,4,-0.229574931893246,-0.236485822715291,0.149786739479458,-0.73651457420425
4,4,-0.261846249315527,-0.416895961088118,0.448765678289297,-0.0874566088642261
5,4,-0.274303018635189,-0.165641744767147,-0.203325115699431,-0.526636691590141
1,1,0.247265208541235,-0.466400219973663,0.509562998159213,0.72710200487183
2,1,0.16612132719865,-0.357885214430725,0.292309617126124,0.63276576958207
3,1,0.230807856674545,-0.609030429531741,0.62689605242031,0.633858262320428
4,1,0.143247898259897,-0.368401493279582,0.571547834249627,0.80823961656199
5,1,0.151245824476854,-0.403325413754455,0.548373242069558,0.870864278098949
1,2,0.018521904653618,-0.715812927227898,0.579286467741092,-0.30738213791075
2,2,0.0600851964918525,-0.264043776382874,-0.514742697437808,-0.383811053458251
3,2,0.0160497801738337,-0.312982756134611,-0.303654756518193,-0.345301100239126
4,2,0.0402104371302188,-0.346707107952949,-0.258149627665169,-0.465262741021399
5,2,0.101956767401775,-0.247534657949928,-0.487526215183758,-0.770613992903808
1,3,0.152489711979473,-0.150542655901658,1.13045704341863,-0.554473077246993
2,3,0.144047034862856,0.182533750187099,-1.50317660825959,-0.0743588902253629
3,3,0.0894433956473888,0.109258262336675,-0.693758350055596,-1.5410029790146
4,3,0.105258940538717,0.120565010181985,-1.13745144220122,-0.473244724363187
5,3,0.0747670809296639,0.127201739787772,-1.10409989218178,-0.221629484563781
1,5,-0.316814332599616,-0.302445519633475,-1.39365793801588,0.206930614906824
2,5,-0.28959334244764,-0.325084396504042,-1.36164737372039,0.970628109295807
3,5,-0.30661018232279,-0.337963140603343,-1.16214042432149,-0.30502817992317
4,5,-0.280627464133334,-0.28659470635421,-1.57206808070128,-0.0403423978799329
5,5,-0.301063108890848,-0.288613935751703,-1.2552908508931,0.23737928245857
1,13,-0.304398400610977,0.372539364075127,0.985913500659718,0.804836611552459
2,13,-0.327224784412528,0.613631483523776,0.589183704543801,0.602907354034144
3,13,-0.308438904524307,0.241556709255995,1.25637106093272,0.673974957936339
4,13,-0.314224321747577,0.402167904922302,0.983181072791685,0.68880701646042
5,13,-0.338180978483155,0.403357415243397,0.761713471425911,0.504930441255675
1,8,0.195336648539124,0.563629248367517,1.57008321064149,-1.08473244093256
2,8,0.175607183180072,-0.452926308976686,2.69570574438275,0.618128359397891
3,8,0.216101953968844,0.44411792049872,1.6352118894425,-0.465163590272665
4,8,0.207250746278964,0.509156892215966,1.12381331888147,-0.858771005238384
5,8,0.182421524528383,0.622627552456497,0.166125197728726,-1.44545437672129
1,9,0.128712297944696,-0.152365100827528,0.056712278578912,-0.124831128371482
2,9,0.0906192381622097,-0.790518544479904,0.808943593012941,0.358064826682608
3,9,0.137228710575784,0.0435304480711749,-0.511457307025479,0.0515423289765784
4,9,0.151546022225939,-0.703939710586273,0.772305824078159,0.157450851190868
5,9,0.143797749756336,-0.135882526450766,0.125130365338575,-0.160511281498754
1,7,-0.621450327026555,0.63461679915093,0.934047805530303,-0.784735976269831
2,7,-0.599344675320165,0.694003265707392,0.200049820976795,0.405217962542736
3,7,-0.601101763038173,0.649766300043866,-0.429791387694805,-0.43635026969987
4,7,-0.622584050930724,0.661032864824914,0.175026393839082,0.475976802521008
5,7,-0.616960398564853,0.59416383377988,-0.621600016939358,-0.360239570109013
