rep,id,Cl,V1,Q,V2
1,1,18.79693348849,21.7629093063862,128.328622839265,14.9557080135763
2,1,20.1611504943295,21.7629099116255,99.3470509448692,15.384772596508
3,1,21.4433804199224,21.7629091330197,198.105698510594,15.3988576974171
4,1,18.4001191211355,21.76291015489,73.8199539753036,18.0091120967084
1,2,14.3142784329209,21.7629089363203,411.330358357493,10.319911690016
2,2,13.18631808944,21.7629081124708,53.378327364104,15.5654562705103
3,2,15.1283913642507,21.7629097394365,170.339895845859,11.4169812344298
4,2,14.7595098091785,21.7629095371897,70.9536397676221,16.8602136173542
1,3,8.65624440284712,21.7629092809195,218.153727514139,44.4180393839436
2,3,8.96494767418402,21.7629086993675,125.80678132093,37.5611568900124
3,3,8.76403328575877,21.7629077103729,268.88865604246,35.654033695736
4,3,8.50546195637562,21.7629089907567,124.117233427669,36.8516197815489
1,4,11.6577136514239,21.7629090063506,69.7057050471512,48.8504744179615
2,4,11.7568667693509,21.7629087375494,101.448115731826,46.4777167133198
3,4,11.9946299006402,21.7629101020063,74.1958176817775,47.5501570572539
4,4,11.7011651470627,21.7629082719265,106.525465443371,42.5793627377242
1,5,12.6089927795415,21.7629094506279,49.4797143803045,9.80765930644246
2,5,12.3025654283954,21.762909307679,29.8628538995103,13.2571263703506
3,5,12.0456531785266,21.762909149478,24.1473044854349,9.6268644471139
4,5,12.2579569480423,21.7629095528884,22.1882258463615,8.8750591980235
1,6,16.421708592012,21.7629084221528,1127.81300175681,5.64669275421299
2,6,16.8672898833089,21.7629094256873,15.2985232523367,9.48764045823833
3,6,18.6236154305415,21.762909433674,17.4857247049055,10.3983920813601
4,6,17.0697075840374,21.7629102258141,8.63908474918521,9.4235496013609
1,7,18.2401351326981,21.762908877606,34.0767741459335,40.8297007504556
2,7,17.1871878813504,21.762908605699,31.7654272138195,31.9431270751044
3,7,17.724573992341,21.7629104761467,36.2169368024206,37.2768494081986
4,7,17.9590725370255,21.7629100097034,39.6452486401185,34.5084474172493
1,8,9.60706625032342,21.7629077249642,59.3830714017915,4.80117887553449
2,8,10.0204528351376,21.7629088445645,29.64286439796,4.16489444564427
3,8,9.0538486378932,21.7629102547497,18.3437260968566,3.70160634728237
4,8,9.0369703329587,21.7629083394388,24.6171602600752,6.49883392309305
1,9,14.2509696731076,21.7629089850344,3.64727504400505,20.1966390211173
2,9,14.2687600213526,21.7629082378753,4.45463710220969,9.70916987329179
3,9,14.5962101145954,21.7629101435687,7.74890371009513,13.2430533936297
4,9,13.3190186506374,21.762908876104,3.6499220457122,9.20466852510908
1,10,11.1708454190619,21.7629093346355,0.99226659402617,4.66083483227739
2,10,9.89751980432706,21.7629090928944,0.51510925815553,3.2270004927471
3,10,9.49201799436208,21.7629100504567,0.812130930969267,20.7404604729837
4,10,9.94109008075832,21.7629107583606,1.35358098778369,34.1630045998613
1,11,9.66905070447391,21.7629106441726,0.168204409089984,44.2484172253243
2,11,10.6229462745141,21.7629084404968,0.26572188852148,8.72483212131655
3,11,10.6095126875057,21.7629091208582,0.776190059807113,9.24977798833994
4,11,10.2681279610582,21.7629089152371,1.31177225696846,13.0449541041674
1,12,16.6044322904547,21.7629105549705,8.39160602211292,10.1088345081244
2,12,17.025319763696,21.7629085195495,194.430682303115,4.23329046385224
3,12,16.1215668101529,21.7629083327402,3.50103892269649,6.96542831843275
4,12,16.4709821544567,21.7629086296641,9.81327906829748,10.2425107027927
1,13,11.6301235261269,21.7629092523317,4.95551508162689,17.5940518388042
2,13,11.6920365389045,21.762910468487,6.36538366202372,111.072293539246
3,13,11.5532406818131,21.7629089377667,4.1183380144302,24.6712627605417
4,13,11.2797280702553,21.7629089108734,6.64194710049956,17.1885041538002
1,14,12.5407338797875,21.7629088571876,71.7804520933837,6.9977514092364
2,14,11.9485500716504,21.7629100265556,42.7428074629241,10.9098604639774
3,14,12.7297061344437,21.7629090673853,15.2936156040679,6.85071140630815
4,14,12.6780264271691,21.762909229207,12.7960504844633,6.65956165693843
1,15,15.651200914691,21.7629095432022,8.1420141131391,27.3196152540518
2,15,17.2945303250086,21.7629090176751,14.7007514232885,11.909250979545
3,15,16.2917937133112,21.7629085319554,40.0622611650885,4.48673619935257
4,15,17.8699425702489,21.7629092090633,8.38428827839036,8.13575509805862
