rep,id,Cl,V1,Q,V2
1,5,22.9301479266353,37.1969649284805,17.6112513549177,29.4615998322245
2,5,23.0548899959047,36.7261148904291,17.2917393867624,21.4590581104218
3,5,22.9310743261243,39.6821200334442,16.959309949549,65.3549474739264
4,5,22.3260494381186,37.6728584913173,18.8289392479745,50.3078269894928
5,5,22.2072958625537,37.5774414752056,18.423655983618,34.7690467323279
6,5,22.8819695670591,39.2866661438817,14.0674877830817,36.6548065922047
1,8,9.20683833327241,24.2860550872221,95.7971386716268,3.59220690269819
2,8,9.81213146348304,18.1502652285579,129.69176599271,8.99730466276106
3,8,9.51306006223369,17.83795533257,80.0190254964366,8.49862870470613
4,8,9.52903838975583,17.2060503644968,62.810299646539,10.5562040515213
5,8,9.78254139091237,18.7937900754443,63.0372108923597,8.96528381823082
6,8,9.3626294740438,18.6522023544375,69.3154840212793,8.26172791772749
1,2,65.9124811525697,79.8272281695224,67.4215897908918,42.6693715240234
2,2,66.8005228791833,79.3778041498688,71.7853115724159,39.255141527297
3,2,67.5784263495566,81.0795933981281,59.9001348102167,46.8116262507171
4,2,67.6367421288659,81.0855428189857,60.7124343172014,37.8491302876748
5,2,67.4044149421606,82.2250046506422,61.1740976234036,33.7881346470189
6,2,51.2839271882719,6.08833993989582,108.779154532369,57.6960400635754
1,15,10.2172970706105,13.4297860074539,25.7517949910919,6.12889758293073
2,15,9.68704487490966,8.44148173687067,48.6436962395424,10.6789430508921
3,15,9.70810490558166,9.35586821054393,40.7485737497058,10.055786371723
4,15,9.73390414416888,11.7848841248887,30.5092365871655,7.90234384137578
5,15,9.42292372700016,4.72796308255207,57.2396545156718,12.6607413014547
6,15,9.83704358975994,11.4078235951752,31.7206460982296,8.03525118947664
1,3,16.4849764950452,33.5294750664863,13.1555607685142,9.43633898156359
2,3,18.347524421569,25.7135810039239,46.3258981922407,7.03944332117058
3,3,18.1984264189274,29.9597788304824,15.0897819289382,6.58874689417964
4,3,17.0286105034452,33.166429524959,6.93783461513879,11.3671583580498
5,3,17.4276395778219,33.5679791153793,9.08236506301895,47.7049966680508
6,3,18.6885806268643,33.0903970589843,3.43552451440556,6.86907334293311
1,7,17.6295635643351,107.928770339064,27.8444750849178,35.5935797863482
2,7,17.1415867397343,100.877192274838,51.8563695303085,40.598450903549
3,7,17.2209202197777,94.8322193997098,109.06871031829,55.3128953125188
4,7,17.3594599103688,99.2515197316688,62.3111175259325,39.566350043166
5,7,17.4368699400994,99.0178275644348,49.4093882453777,27.9484846445778
6,7,16.9279844110431,101.48246014035,38.0915832357073,25.8890277112214
1,13,11.4428798407824,28.5363064238818,69.4283258111865,73.3004031510958
2,13,11.6845235211359,34.8175855439643,52.7857222356487,37.6821553146044
3,13,11.7907244334881,33.5813932212051,61.0728160685968,50.112751441699
4,13,11.552616039231,44.7922845280891,54.5978927909163,107.143409880993
5,13,11.8200526061379,35.5202649111002,64.1919342184674,43.3009537303982
6,13,11.6396530209248,32.3449827504673,72.5347143368088,53.8181394114355
1,9,30.4239349370132,6.58227374987639,74.7221064185,45.9608687954277
2,9,36.7308334826859,32.8741874222353,99.7174380135704,41.1425076268022
3,9,36.8655375105574,25.5375345173215,122.262199216066,46.6424147914999
4,9,34.1931135084651,32.0526235079541,107.522481439989,44.5331957292453
5,9,33.0750509168038,15.0647343801899,121.059477825162,49.6712429192241
6,9,29.9709264686396,5.98452757952052,82.1885593224552,47.0869634489708
1,4,11.7918878444456,15.0757632270979,55.3808688092358,18.3889542143912
2,4,12.2058236064513,22.762669116109,20.8162238787886,9.77314892782859
3,4,12.7447415998608,15.8241231820461,44.7752204687882,13.3446846918398
4,4,12.1082236082579,17.2152833147054,44.2366339822667,13.0549636990916
5,4,12.1268016052268,19.6660729628587,39.3135061914877,12.6242162820455
6,4,12.0365867458276,18.2888170612811,38.3092902955886,14.0342922105229
