rep,id,Cl,V1,Q,V2,SCRMGDL,tSCRMGDL
1,1,16.6936348130427,29.8304221563325,20.2980115941877,15.3857660997672,0.5,0.925925925925926
2,1,16.5846088927219,26.2820394774991,38.558187086725,12.4731688318896,0.5,0.925925925925926
3,1,17.6859350300239,29.9555893097757,14.4276001734302,4.29617132316415,0.5,0.925925925925926
4,1,17.9467930467157,31.3145943531199,9.60123164818172,4.76421367939266,0.5,0.925925925925926
1,2,17.1392065737355,28.971758551384,14.1856450478867,34.9459319668182,0.48,0.888888888888889
2,2,16.1566701407935,26.3608739415726,23.051612413116,35.0991426237816,0.48,0.888888888888889
3,2,15.977969131628,26.4957723047462,23.5758814705005,21.9735140162297,0.48,0.888888888888889
4,2,16.057228986139,28.3175301329062,15.1530531013102,15.0318909802283,0.48,0.888888888888889
1,3,18.2583690606854,23.5445441802517,23.027674382644,21.7769112644953,0.48,0.888888888888889
2,3,17.7482690000738,25.3117093725864,22.2514488920802,17.9344682981321,0.48,0.888888888888889
3,3,18.484006566172,28.2619133625718,17.1481540249992,19.4294771791502,0.48,0.888888888888889
4,3,18.6834773905157,27.0265916223892,34.7265963715683,8.12297706014428,0.48,0.888888888888889
1,4,8.66061977743999,40.9875096512212,45.2303061417206,18.0493471672975,1.02,1.88888888888889
2,4,8.30777489876847,53.1451835241636,16.3814566090926,5.63739957137138,1.02,1.88888888888889
3,4,8.67254127571658,44.5797830354478,67.0703419155457,13.9855555351569,1.02,1.88888888888889
4,4,8.40494294816369,50.6315103430312,20.9816302578098,7.21305522920057,1.02,1.88888888888889
1,5,9.45004406822307,11.8413121688462,33.4159861509184,8.06579401645622,0.55,1.01851851851852
2,5,9.8458094572828,15.396726134186,13.3682734711967,6.05673728494886,0.55,1.01851851851852
3,5,10.1227064238915,12.6958870111484,22.5883522771909,6.64265763812664,0.55,1.01851851851852
4,5,10.0161122471518,13.5495927676291,17.4631783177439,6.14790900997061,0.55,1.01851851851852
1,6,10.6884557510104,20.9364051911634,32.0991030815921,10.6192097590709,0.5,0.925925925925926
2,6,10.0667546101415,24.1123043644889,36.0946693237793,13.2019609170054,0.5,0.925925925925926
3,6,9.85027268157644,22.156735227564,31.0756642778666,10.4049620416428,0.5,0.925925925925926
4,6,10.7039246695548,23.9189192912441,23.0203031678858,7.63947788025037,0.5,0.925925925925926
1,7,17.2240241143205,25.9773635298306,22.842299086419,39.934559079725,0.48,0.888888888888889
2,7,16.5665310296953,25.0653369872322,19.0669757382936,20.7652300189958,0.48,0.888888888888889
3,7,14.4572272836412,25.0614154146707,29.5626770085824,38.0833246796017,0.48,0.888888888888889
4,7,17.3903297562917,29.3646601792601,13.3237780600268,18.4013325900372,0.48,0.888888888888889
1,8,13.7615958638404,20.9408114763989,10.248991709915,9.82536350945434,0.57,1.05555555555556
2,8,13.6408781736218,22.8119064964273,6.0432678269183,8.9671883230224,0.57,1.05555555555556
3,8,14.2395666642732,20.1676519776522,13.7537734514677,6.5260940645496,0.57,1.05555555555556
4,8,13.2642854208898,24.6544519140059,5.72606404701308,7.6046514390831,0.57,1.05555555555556
1,9,18.9032351738297,29.9277256081765,24.8339365529169,14.1268648890491,0.57,1.05555555555556
2,9,18.0678634940527,34.3998231730501,19.4249149886727,6.96996254077743,0.57,1.05555555555556
3,9,21.0119830380587,29.4566389477528,32.5480952892007,8.05878966969779,0.57,1.05555555555556
4,9,19.6658608285371,30.5594637717574,89.8482725576711,7.32137226974614,0.57,1.05555555555556
1,10,11.6284233219515,15.000207198714,18.5501958716176,9.92261238601219,0.63,1.16666666666667
2,10,11.6318511883768,16.9525926741114,11.2850504143416,9.48467074441232,0.63,1.16666666666667
3,10,10.7382630458338,20.280429584564,8.36174199024591,23.0173775706621,0.63,1.16666666666667
4,10,11.4979539643293,18.088566063505,7.64855073836406,8.91119714917214,0.63,1.16666666666667
1,11,17.4705288503591,20.9361403010849,14.0595289465522,8.79216031286248,0.55,1.01851851851852
2,11,17.3142260285823,23.0570794591882,8.51987206355436,15.9788502789191,0.55,1.01851851851852
3,11,16.5903524090959,21.4899189639762,13.2390215675372,12.3471306520003,0.55,1.01851851851852
4,11,16.5571489899099,16.8274977532463,27.6702013374798,12.5815822829784,0.55,1.01851851851852
1,12,17.462144664939,21.3107465300034,10.853108213602,6.35416392385286,0.55,1.01851851851852
2,12,16.4858869562881,21.4531476775018,11.7725567895095,11.4691517719837,0.55,1.01851851851852
3,12,16.2734395348745,18.8048752219566,20.8393674744884,7.57770942482077,0.55,1.01851851851852
4,12,17.0518278066903,19.5934772277523,25.5014724034726,7.5672107201236,0.55,1.01851851851852
1,13,11.5566152925646,38.1406703739757,47.5795629125173,33.725369085273,0.26,0.481481481481481
2,13,12.7958376141184,41.5913917288713,40.6048469418127,50.0840887134654,0.26,0.481481481481481
3,13,12.1305372726159,31.7391078406135,59.9148037992849,36.7285005743501,0.26,0.481481481481481
4,13,11.8356677643727,11.0316054458316,74.9188577559609,41.8195637446184,0.26,0.481481481481481
1,14,11.0104568470991,21.6250521349271,32.1518149633815,9.0016085478282,0.5,0.925925925925926
2,14,9.96088172631437,21.916971809547,42.7493936517792,9.72742526520694,0.5,0.925925925925926
3,14,10.1814650828522,25.8322966043228,20.9545757228151,7.3947395110595,0.5,0.925925925925926
4,14,10.5833093368316,23.9153071756805,16.9529026814746,7.43747986390709,0.5,0.925925925925926
1,15,15.7954927176923,22.9084482454669,11.3401396657283,5.06140651278024,0.55,1.01851851851852
2,15,16.7978625660854,18.2956078325918,29.1547874877027,10.2845289986282,0.55,1.01851851851852
3,15,16.7706902157226,20.5774734017286,15.666583385175,11.3178393964455,0.55,1.01851851851852
4,15,18.515460534967,20.2763483746603,25.5702470832434,6.82886642788716,0.55,1.01851851851852
