rep,id,eta_Cl,eta_V1,eta_Q,eta_V2
1,1,-0.500260175712738,3.54936302571218e-9,1.6499784200631,1.21009161664083
2,1,-0.433867093411518,3.43069861408196e-8,1.68717839358235,1.15922529343118
3,1,-0.431856236633503,5.37256417132426e-9,1.55547216608781,1.08343564080995
4,1,-0.475925659144322,5.11418276616382e-8,1.74678826326957,1.22858510780222
1,2,0.325007979475046,7.38908134678695e-9,0.57221287842753,-0.0750134758304273
2,2,0.154495136377861,1.19999774561563e-8,0.360976888321743,0.105889518254974
3,2,0.260449957891076,3.16500297081745e-8,1.13279590567578,-0.0841373860790227
4,2,0.300987286681776,5.02855135309233e-9,0.444243049166253,0.160849650184736
1,3,-0.334937230266943,3.1270941391881e-9,-0.21784376983225,-0.544740623737781
2,3,-0.315400872758035,-4.96253793613732e-9,-0.14807209069873,-0.833918755937697
3,3,-0.375935160579114,-6.94233417419809e-8,0.0538968950488927,-0.717623766777416
4,3,-0.327211413274331,-1.74879821734919e-8,0.564869528474212,-1.04028963446301
1,4,0.0171083798925706,-1.47873078226723e-8,-1.09800716398745,-0.418644356971956
2,4,-0.0307992288829291,2.42842688180644e-8,-1.70385956584809,0.175657984355464
3,4,0.0547461044926547,-1.55583670391479e-8,-1.69653188250056,-0.541195231863841
4,4,0.0380031457740526,-1.85912636396779e-8,-0.979035241343922,-0.632539077069275
1,5,0.131788478064863,2.81383374378663e-8,-0.206968174463107,0.721383987785261
2,5,0.187897340448143,3.35859686728668e-8,-0.0227230250408699,0.913562579606093
3,5,0.0480185006584968,2.98672508947107e-8,-0.06815160490655,0.836835137069546
4,5,0.0745643138847938,-2.83416912161272e-8,-0.309239600735352,0.941778134718966
1,6,0.282705533391606,-7.64144498788255e-8,-0.140730128345451,0.235508297800045
2,6,0.288821170286433,4.39314002953495e-8,-0.037967845383919,0.303368953802654
3,6,0.399856929765996,-1.60628013112785e-8,0.345580095885736,0.0139867233453619
4,6,0.291492027060558,2.78549681098639e-8,-0.269285651224951,0.302046214430162
1,7,-0.0476284627969505,1.40307068186019e-8,0.50163754456338,-0.516666556605864
2,7,-0.0959272813719463,8.36072500121077e-9,-0.200861039060604,-0.53342946550563
3,7,-0.071350060415039,3.14624131192431e-8,-0.635696398464639,-0.916678812858541
4,7,-0.0568730916903553,-1.8228947684662e-8,0.0200279892605142,-0.456059498383146
1,8,0.209047939464306,-3.38296253232784e-8,-0.461225429046944,0.095924509706983
2,8,0.207871983251724,1.42653755474953e-9,-1.04837633881298,-0.293446330044135
3,8,0.222362836388984,5.97463043483515e-8,-0.30581312648637,-0.467051654755424
4,8,0.125189212925469,-1.07119877412742e-8,-0.887778409989136,-0.264959900840508
1,9,0.11086847389203,4.40230918385964e-9,-0.122601880737544,1.02676813219096
2,9,0.181014513764097,1.24472960827404e-8,-0.186210141694455,0.908801707286377
3,9,0.168123839671301,-4.95825691615437e-9,-0.0901851873176445,0.737168077558884
4,9,0.130045673685936,-2.43216735640317e-9,-0.181497751970027,0.751297244444787
1,10,-0.00746169840667266,4.0565773407053e-8,-0.292079115722732,-0.607957980772776
2,10,-0.0998100738688183,3.1702720448834e-9,-0.316098294755681,-0.491557665494587
3,10,-0.117322237552543,2.38856694423362e-8,-0.217933758028691,-0.356344390393977
4,10,-0.104027787135883,6.36830304046043e-8,0.207518288882631,-0.572695806480466
1,11,-0.345786617050745,7.30015758954039e-8,-0.157484522420548,-0.754417287240329
2,11,-0.369870639797819,-3.3153694900534e-8,-0.576410560329816,-1.09036536662472
3,11,-0.333308855156132,1.34423734365896e-8,-0.0296214929556036,-1.1923650593567
4,11,-0.301806788792623,-9.55530854440667e-9,1.6305688557903,-1.03476578756141
1,12,-0.136623172103409,-1.08520983310711e-8,-1.49412118901365,-0.255566104965609
2,12,-0.189833099646753,1.41212037618743e-8,-1.69414491773775,0.751917215336505
3,12,-0.183196834304329,-2.01615133477162e-8,-2.11043501795212,0.25225315987519
4,12,-0.148817514491943,-2.5831479621985e-8,-1.94467908067629,1.17671841846216
1,13,0.342627757887458,-1.89484068435775e-8,0.812288919561766,0.0195791985213511
2,13,0.358229537829593,4.05950459914095e-8,0.322333708617128,0.0561295656805463
3,13,0.359602800142325,9.42908418011257e-9,0.0841652797776749,0.0426342914445232
4,13,0.369492145083898,-1.47360568192312e-8,1.03043115565012,0.0902739056098918
1,14,-0.312278800383351,6.28840224337068e-9,-0.430347267843572,-1.10707681346078
2,14,-0.328107291532759,5.67578415378023e-8,1.6740547654569,-0.706505752318862
3,14,-0.315408103908467,6.21965945413194e-9,0.691526960870432,-1.25875565567797
4,14,-0.331408983843668,-5.9517343053983e-8,-0.0766825597263479,-1.26030825074633
1,15,0.258289494752404,5.17488403239952e-8,-0.0221879568962526,1.38007797203013
2,15,0.352414650718861,1.00634167665703e-8,0.0795745613302636,1.0360319921111
3,15,0.306194466460832,-5.96555516096942e-9,-0.0290642804898797,1.48859569800392
4,15,0.332034193859369,5.39156630452453e-9,-0.166602538599398,1.09415060327707
