iteration,convergenceIndicator,phase,Cl_pop,Q_pop,V1_pop,V2_pop,a,b,omega_Cl,omega_Q,omega_V1,omega_V2
1,678.067,1,13.5086,39.2306,35.8481,6.55784,1,0.3,1,1,1,1
2,643.219,1,13.5459,38.4029,26.1816,7.594,1.27009,0.224973,0.277698,0.863054,0.590054,0.882518
3,589.358,1,13.5775,38.2513,25.3867,8.54185,1.40158,0.164615,0.24847,0.832287,0.43904,0.807149
4,556.246,1,13.5928,35.1707,25.6249,9.92737,1.42869,0.131201,0.235447,0.86464,0.40014,0.741506
5,534.353,1,13.4742,30.8293,25.2619,9.4438,1.36568,0.114967,0.250857,0.846221,0.34279,0.695997
6,513.563,1,13.4933,24.7862,24.8963,9.12085,1.41615,0.0977279,0.250462,0.735824,0.311176,0.733498
7,505.815,1,13.5333,22.6154,24.5271,10.2527,1.47563,0.0879437,0.253321,0.762018,0.305964,0.713453
8,493.633,1,13.5273,25.0099,25.5972,10.7883,1.48641,0.076105,0.250752,0.725884,0.328705,0.740974
9,492.026,1,13.6792,22.3314,25.304,10.4405,1.48804,0.0747774,0.255692,0.719905,0.332323,0.727883
10,491.541,1,13.571,25.9369,24.8214,9.81738,1.58405,0.0664203,0.252822,0.770009,0.340185,0.742544
11,497.388,1,13.4947,29.7989,25.2003,10.5561,1.62989,0.0661394,0.249017,0.76859,0.346022,0.835128
12,490.478,1,13.4568,26.3067,25.0486,12.0995,1.59016,0.0637109,0.249952,0.743817,0.35924,0.786955
13,489.504,1,13.5074,27.1107,25.0243,10.5507,1.65458,0.058051,0.261459,0.758874,0.340049,0.819268
14,484.999,1,13.5985,27.6107,23.6041,11.2904,1.61356,0.0543355,0.261379,0.854965,0.322152,0.848347
15,471.751,1,13.4454,25.2517,23.9509,11.3091,1.66338,0.0445613,0.254748,0.792562,0.303163,0.858446
16,466.728,1,13.4645,25.2608,24.4219,10.7212,1.52121,0.048255,0.262453,0.75763,0.304624,0.887211
17,465.328,1,13.5841,23.6132,25.1038,10.5203,1.60766,0.0431191,0.25805,0.689538,0.332138,0.895082
18,459.079,1,13.5656,22.2002,25.2942,10.2051,1.60761,0.0410341,0.258956,0.668009,0.330725,0.847468
19,462.384,1,13.5432,22.467,25.3432,10.5605,1.55204,0.0442366,0.259769,0.689401,0.329143,0.892228
20,468.775,1,13.5867,23.1425,25.0053,10.718,1.5838,0.0465321,0.261362,0.703781,0.303837,0.969191
21,478.027,1,13.5775,24.6527,25.4618,10.5131,1.65661,0.0496037,0.259169,0.672988,0.315803,0.993837
22,471.62,1,13.5001,22.9901,25.1823,10.8276,1.53528,0.0488995,0.261199,0.727793,0.319301,0.98175
23,479.676,1,13.5817,24.3985,24.6038,11.3893,1.67711,0.0480522,0.270437,0.711734,0.289994,1.0405
24,471.258,1,13.6332,23.2834,24.4447,11.8178,1.59489,0.0486535,0.272266,0.783929,0.272148,0.89927
25,478.597,1,13.6067,24.4733,24.6465,11.8871,1.6483,0.0507816,0.265229,0.778754,0.272776,0.951674
26,475.978,1,13.6772,24.8916,24.9188,12.1761,1.7349,0.0422003,0.262357,0.852878,0.273178,0.941169
27,468.868,1,13.5814,22.8597,24.4075,12.6607,1.60413,0.0428141,0.260958,0.863375,0.272377,0.99399
28,468.356,1,13.5422,22.8249,24.6987,11.3693,1.54201,0.045253,0.258498,0.90985,0.259876,1.01458
29,472.157,1,13.5658,23.6148,25.1357,12.0796,1.56768,0.045672,0.263076,0.965849,0.259571,0.989846
30,465.851,1,13.6016,26.9898,24.7547,12.3193,1.59538,0.0424187,0.260808,0.930251,0.251944,0.941036
31,466.38,1,13.5807,25.8316,24.6193,12.3545,1.63123,0.0419578,0.264424,0.808007,0.262437,0.968522
32,460.685,1,13.3623,25.0258,24.0593,11.7917,1.60998,0.039441,0.254658,0.805604,0.261377,0.965702
33,458.22,1,13.5743,24.3859,24.2803,11.4585,1.61,0.04043,0.258527,0.798241,0.251778,0.91288
34,456.058,1,13.6071,24.4323,24.4014,12.539,1.60999,0.0408548,0.262761,0.797315,0.253404,0.822959
35,462.376,1,13.6917,26.6362,23.6876,13.7676,1.64167,0.0373903,0.270055,0.920874,0.251641,0.908955
36,459.204,1,13.5686,28.8565,23.6149,12.109,1.69488,0.0349371,0.26343,0.895492,0.243757,0.848667
37,453.118,1,13.5511,28.8057,23.7696,12.6408,1.56313,0.0397604,0.267271,0.851069,0.237681,0.852303
38,461.587,1,13.2754,25.5796,24.2044,14.249,1.61472,0.0385379,0.251643,0.907501,0.275017,0.877048
39,462.739,1,13.3643,25.8082,23.7298,14.0702,1.61479,0.0422291,0.256796,0.881952,0.253882,0.861758
40,463.6,1,13.4704,30.3555,23.8651,12.7057,1.63913,0.0391711,0.27033,0.893605,0.274442,0.814998
41,464.093,1,13.4601,29.9786,23.657,12.738,1.63916,0.040712,0.263269,0.858136,0.288521,0.803349
42,454.485,1,13.4724,27.5711,23.5954,12.4702,1.67562,0.0330553,0.258797,0.832511,0.276609,0.796659
43,455.886,1,13.5295,24.8492,23.6258,13.1013,1.6756,0.0326247,0.256412,0.817449,0.275111,0.881241
44,464.023,1,13.5321,22.9746,24.332,11.8082,1.59374,0.0381127,0.264733,0.96142,0.271772,0.933339
45,461.042,1,13.5601,22.7367,24.3708,12.5131,1.59385,0.0431921,0.257965,0.855716,0.24256,0.893241
46,465.384,1,13.5334,22.0775,23.9751,13.456,1.64575,0.041313,0.252464,0.819464,0.282549,0.893339
47,459.736,1,13.5551,23.8437,24.2196,13.0752,1.49241,0.0479782,0.255044,0.763152,0.280707,0.863523
48,460.148,1,13.5703,22.827,24.5658,13.1802,1.49244,0.0488231,0.255423,0.748187,0.277857,0.858772
49,462.305,1,13.5925,20.9855,24.4151,12.6538,1.53495,0.0447349,0.255618,0.834721,0.327109,0.767889
50,469.207,1,13.5158,21.0584,24.9253,12.0903,1.53509,0.0508582,0.264388,0.826245,0.327155,0.725924
51,473.57,1,13.6341,19.8546,25.2025,12.4038,1.55012,0.0480804,0.262709,0.965972,0.326887,0.785767
52,477.079,1,13.5656,20.6321,24.657,12.2484,1.60841,0.0435205,0.256058,1.05657,0.343205,0.827319
53,475.952,1,13.5305,22.9197,24.2285,12.3055,1.68785,0.0357579,0.261614,1.04229,0.355975,0.86041
54,464.181,1,13.536,23.377,24.2521,12.9137,1.64032,0.0356836,0.267749,0.967421,0.329917,0.759458
55,464.13,1,13.419,25.7262,24.2525,13.4429,1.5597,0.0403181,0.264473,1.00749,0.318238,0.762666
56,468.082,1,13.5894,27.9114,24.0131,13.3175,1.59862,0.038675,0.261212,1.02548,0.318459,0.849447
57,464.851,1,13.5356,24.8152,24.2743,13.3426,1.672,0.0353341,0.261237,0.976821,0.319878,0.756841
58,461.313,1,13.6456,24.7386,23.7002,14.0169,1.62709,0.0355588,0.260587,0.911068,0.337545,0.770779
59,455.155,1,13.5293,23.7623,24.1755,13.1134,1.62235,0.0313041,0.256807,0.969874,0.345589,0.706631
60,455.388,1,13.5877,23.5051,24.5453,14.2503,1.62242,0.0336089,0.260985,0.945846,0.321306,0.701417
61,452.943,1,13.4982,21.7194,24.3811,13.9,1.62238,0.0312886,0.265165,0.981065,0.298879,0.73401
62,457.152,1,13.5036,23.1559,24.6216,13.4559,1.57016,0.0370814,0.254039,1.00102,0.315904,0.723013
63,455.773,1,13.571,22.0603,24.5685,13.8773,1.58418,0.0342722,0.262685,0.989556,0.310117,0.755743
64,448.087,1,13.4764,20.1817,24.5795,14.6179,1.54829,0.031941,0.262332,0.900489,0.303223,0.806067
65,434.069,1,13.4546,20.7323,24.576,14.3378,1.44567,0.0314151,0.257377,0.830179,0.298375,0.791899
66,442.698,1,13.4219,22.771,25.0536,12.6773,1.50043,0.0346152,0.259251,0.79163,0.293087,0.815304
67,445.472,1,13.4991,21.0217,24.7838,12.3569,1.50045,0.0342147,0.266958,0.787533,0.300952,0.838389
68,452.392,1,13.5173,21.4871,24.6741,12.4745,1.54705,0.0369961,0.263964,0.847088,0.281109,0.842276
69,450.345,1,13.5519,23.902,24.2919,12.2626,1.53388,0.0348877,0.261555,0.866119,0.292851,0.855207
70,449.411,1,13.4529,24.644,24.3075,13.0659,1.5339,0.0347033,0.263756,0.791581,0.30745,0.843527
71,449.56,1,13.5323,25.7072,23.9076,12.5356,1.53391,0.0343616,0.263333,0.831353,0.311157,0.812419
72,447.59,1,13.6202,23.6935,24.6223,13.1834,1.58065,0.0303572,0.267549,0.865345,0.316316,0.766738
73,449.744,1,13.5586,23.4433,24.533,13.3677,1.58067,0.0310179,0.268172,0.88718,0.305367,0.793239
74,460.954,1,13.5759,22.9949,24.1698,12.912,1.63328,0.0356462,0.267652,0.959204,0.283505,0.816179
75,461.35,1,13.4291,22.2539,23.7758,13.1455,1.65622,0.0356359,0.25731,0.996474,0.285062,0.763111
76,457.031,1,13.4115,23.8382,23.7861,13.0311,1.58621,0.03538,0.25232,0.968143,0.299257,0.814275
77,469.541,1,13.3872,22.1285,24.0452,13.5444,1.58634,0.0411727,0.254277,1.06782,0.317325,0.837975
78,472.025,1,13.4407,22.1168,23.7236,12.8764,1.52064,0.0423273,0.253439,1.18652,0.34747,0.808863
79,466.486,1,13.4882,19.8036,24.1029,14.2196,1.61825,0.0352572,0.247775,1.13643,0.336035,0.79559
80,472.778,1,13.516,20.7497,24.4203,14.3699,1.60473,0.0384453,0.251187,1.15694,0.346091,0.835646
81,469.66,1,13.5559,23.4457,23.7894,14.1298,1.53155,0.039185,0.258833,1.14285,0.365948,0.822798
82,463.875,1,13.6297,22.0586,23.9861,14.4445,1.62089,0.0351415,0.269974,1.06241,0.331851,0.735463
83,458.237,1,13.5949,22.8142,23.6681,13.803,1.51845,0.0361318,0.267941,1.13919,0.306445,0.778183
84,465.757,1,13.5092,21.7089,23.9127,12.8001,1.57614,0.0358488,0.269697,1.21399,0.30887,0.795212
85,470.794,1,13.5051,23.212,23.587,12.2149,1.53264,0.0414512,0.265928,1.07199,0.315836,0.917377
86,462.232,1,13.5211,20.8448,24.1149,12.7508,1.53263,0.0399783,0.260102,0.988794,0.300614,0.850435
87,462.32,1,13.4867,22.677,24.369,13.0838,1.55094,0.0408849,0.253855,0.981372,0.297095,0.825598
88,458.976,1,13.4412,23.8699,24.1154,12.8443,1.53057,0.039823,0.257675,0.921823,0.317464,0.799522
89,452.918,1,13.4402,25.283,24.1497,13.8661,1.53056,0.040407,0.256325,0.875642,0.288651,0.762131
90,452.137,1,13.3929,24.9715,23.9825,12.8383,1.45768,0.0416814,0.258177,0.876695,0.297753,0.785158
91,452.218,1,13.5666,25.4251,23.9965,12.5967,1.54655,0.0362812,0.254963,0.895033,0.289974,0.829366
92,464.571,1,13.6346,26.0497,23.8095,12.544,1.6134,0.0404066,0.265735,0.912032,0.288121,0.82465
93,466.692,1,13.5905,28.1805,23.605,11.9493,1.61344,0.0436764,0.260305,0.889888,0.289809,0.812232
94,469.059,1,13.4141,28.2241,23.6373,11.7934,1.64846,0.0424275,0.257075,0.910382,0.292585,0.805185
95,464.927,1,13.5549,26.3768,23.8132,11.057,1.60963,0.0412012,0.256246,0.886245,0.298546,0.831734
96,462.528,1,13.5603,23.8438,23.9776,11.6788,1.48826,0.047859,0.255632,0.872775,0.293422,0.802257
97,466.115,1,13.3863,26.1698,23.4643,13.0989,1.54968,0.0450616,0.258621,0.929997,0.296809,0.789182
98,469.325,1,13.4473,26.4329,23.9179,12.9476,1.68347,0.0397462,0.260053,0.917392,0.326264,0.739862
99,469.597,1,13.5506,26.3404,23.0799,13.0238,1.60725,0.0450664,0.267442,0.935446,0.311631,0.714034
100,460.159,1,13.4046,23.7984,23.4422,13.3207,1.56346,0.0385912,0.2604,0.952123,0.287551,0.839192
101,452.796,1,13.4982,21.7847,24.7197,13.5995,1.51114,0.0385856,0.265198,0.830202,0.29125,0.862882
102,448.655,1,13.5741,21.2902,24.5482,13.894,1.42814,0.0399951,0.262792,0.797444,0.304627,0.891894
103,448.788,1,13.5895,23.4084,24.8796,13.1129,1.4143,0.0372906,0.265588,0.928901,0.299509,0.916067
104,457.358,1,13.5538,21.582,24.5197,14.062,1.45051,0.0387537,0.271174,1.07632,0.283625,0.906053
105,456.436,1,13.4886,20.5245,24.758,13.7513,1.49016,0.0384778,0.261738,1.03993,0.276541,0.87552
106,461.544,1,13.5527,22.614,24.5627,14.4223,1.47844,0.0437655,0.261213,0.953725,0.282916,0.896417
107,461.893,1,13.5731,24.0767,24.4385,13.2049,1.51591,0.0456949,0.253866,0.906913,0.281474,0.820134
108,464.383,1,13.5927,22.5229,24.0942,12.996,1.6553,0.0382881,0.2666,0.877798,0.272282,0.873307
109,459.085,1,13.5454,20.9842,24.4929,14.8102,1.56376,0.0388264,0.263314,1.06671,0.260161,0.799308
110,462.624,1,13.6609,22.3433,24.0459,13.7607,1.56371,0.0380163,0.270176,1.1658,0.270535,0.831036
111,460.836,1,13.3602,20.8367,24.0505,13.989,1.62753,0.0348754,0.24924,1.08191,0.277621,0.821731
112,458.216,1,13.5469,21.9708,24.1528,14.1468,1.55829,0.0351509,0.257701,1.1141,0.265182,0.896769
113,459.281,1,13.5677,21.5963,24.6328,13.8051,1.50302,0.0382739,0.264945,1.09142,0.270913,0.914857
114,457.836,1,13.5062,21.0413,24.3451,13.7609,1.47365,0.0364115,0.258044,1.20866,0.292061,0.881449
115,457.938,1,13.496,20.3222,24.0949,12.7351,1.50612,0.0351899,0.263856,1.14035,0.287577,0.898067
116,448.708,1,13.3886,20.359,24.3956,14.0124,1.47512,0.0335843,0.257609,1.12522,0.292405,0.798447
117,446.841,1,13.433,20.5847,24.2403,15.0536,1.431,0.0340181,0.262781,1.1319,0.297405,0.797789
118,447.658,1,13.5553,20.5359,23.8819,13.3521,1.36928,0.0381294,0.259081,1.23734,0.286414,0.771948
119,449.449,1,13.6584,17.6209,24.5227,13.7235,1.48699,0.0330853,0.261157,1.1118,0.277872,0.856565
120,453.66,1,13.5438,18.4025,24.7414,13.0647,1.56093,0.0306677,0.252493,1.20109,0.274595,0.856087
121,458.925,1,13.5014,18.3839,24.8992,14.0149,1.50817,0.0389544,0.256184,1.12077,0.283971,0.820409
122,455.684,1,13.4554,18.513,24.9667,15.5675,1.46928,0.0415678,0.250807,1.04141,0.288564,0.787837
123,458.254,1,13.5315,18.6511,24.5697,13.8412,1.54772,0.0352316,0.256705,1.04547,0.29914,0.873008
124,454.414,1,13.5301,20.1215,24.2059,14.7881,1.44785,0.0399798,0.260722,1.10475,0.28253,0.79762
125,453.317,1,13.5136,20.6177,24.5429,14.9958,1.54649,0.035357,0.249827,1.14088,0.256404,0.810989
126,448.474,1,13.4883,21.0937,24.2305,14.6523,1.5465,0.0344188,0.249522,1.03657,0.248716,0.790991
127,452.332,1,13.5356,21.037,24.2959,13.4419,1.50072,0.0381529,0.252223,0.969718,0.26765,0.878267
128,455.013,1,13.433,19.635,23.9944,13.236,1.50075,0.0379936,0.262669,0.947818,0.282291,0.861892
129,461.109,1,13.3627,19.4749,24.5375,12.7319,1.52412,0.0401195,0.260139,0.98848,0.28027,0.889511
130,464.867,1,13.5757,18.5446,24.4907,13.2926,1.52422,0.0446479,0.257715,0.921855,0.282382,0.895663
131,473.834,1,13.5303,19.4342,25.0329,14.7541,1.54829,0.047113,0.255025,1.01907,0.268859,0.978887
132,475.204,1,13.5252,20.351,25.0471,15.0258,1.66488,0.0438565,0.253928,0.925913,0.27461,0.960523
133,460.415,1,13.5309,20.0313,25.4195,14.3449,1.58081,0.0366956,0.263899,0.959938,0.292925,0.868989
134,470.904,1,13.3802,19.8432,24.6307,14.298,1.5923,0.0429247,0.25772,1.03702,0.285926,0.863012
135,474.063,1,13.4339,20.7247,24.2423,13.7422,1.55599,0.0442247,0.252064,1.10882,0.303646,0.893468
136,466.337,1,13.4645,20.3698,24.751,12.6079,1.49822,0.0431732,0.253025,1.20665,0.28933,0.809794
137,468.125,1,13.531,18.9823,25.2845,12.9573,1.53421,0.0417791,0.265335,1.21415,0.284539,0.811306
138,461.31,1,13.5322,16.6113,24.9628,14.0295,1.53416,0.0399399,0.254806,1.15376,0.271679,0.81499
139,461.034,1,13.5683,19.5912,24.7393,14.1194,1.44315,0.0444975,0.257986,1.1968,0.256409,0.832624
140,461.846,1,13.6295,20.4629,24.6685,14.7186,1.42857,0.041726,0.258413,1.35604,0.276807,0.833759
141,457.842,1,13.5955,22.0627,24.9944,14.9572,1.39102,0.0433033,0.257384,1.28475,0.256366,0.855816
142,455.858,1,13.5361,22.513,24.7614,13.4284,1.41825,0.0411816,0.254424,1.20291,0.259764,0.885481
143,456.826,1,13.5961,22.4877,24.3278,14.2579,1.48525,0.0356876,0.268263,1.27132,0.245536,0.934453
144,457.573,1,13.5362,20.7316,24.3164,14.2981,1.44973,0.0389611,0.259208,1.22395,0.228529,1.04087
145,461.559,1,13.5641,20.4731,24.8028,12.5309,1.48112,0.0427962,0.25795,1.14592,0.224799,0.98537
146,466.623,1,13.4785,19.678,25.0964,13.1381,1.56023,0.0396979,0.263736,1.15598,0.221292,1.0725
147,459.171,1,13.4192,19.4267,24.8985,13.6547,1.42425,0.0437026,0.258345,1.05914,0.229611,1.0667
148,463.645,1,13.6224,20.9799,24.8945,12.0192,1.42424,0.0430355,0.267644,1.14517,0.24266,1.09401
149,463.146,1,13.5865,21.3127,24.7459,11.9018,1.48449,0.0444297,0.262086,1.03266,0.23244,1.01243
150,461.483,1,13.5656,21.6051,24.6527,12.3179,1.38623,0.0490049,0.258989,0.991828,0.226241,1.06213
151,461.724,1,13.6921,23.9117,24.6952,13.0598,1.43902,0.0445717,0.269987,1.13848,0.22397,0.99764
152,457.939,1,13.6481,22.7778,24.558,12.0708,1.43898,0.0434034,0.262416,1.2234,0.210566,0.973883
153,461.168,1,13.4722,23.3645,24.4964,11.9406,1.43901,0.0430345,0.254291,1.35348,0.210194,0.953751
154,464.029,1,13.5048,22.7276,24.8864,13.0173,1.49372,0.0399591,0.25551,1.29178,0.235254,1.01684
155,462.801,1,13.6242,23.015,24.4917,13.0705,1.3805,0.0460039,0.261116,1.30733,0.229611,0.98445
156,469.797,1,13.6428,21.0644,24.6738,12.5686,1.44411,0.0473133,0.262875,1.26457,0.236471,0.989747
157,466.437,1,13.5088,21.1539,24.6651,12.6627,1.39327,0.0501109,0.255649,1.22852,0.2153,1.00983
158,468.855,1,13.6953,22.5325,24.7298,13.0482,1.51184,0.0455013,0.264193,1.27272,0.218246,0.942015
159,468.207,1,13.6255,20.0127,24.9009,13.2018,1.48703,0.0469297,0.264003,1.10195,0.242592,0.940934
160,467.119,1,13.5178,19.8239,25.1915,12.8729,1.48701,0.0446695,0.257235,1.20952,0.251029,0.889514
161,472.867,1,13.4903,19.1514,24.5536,13.6177,1.48704,0.046535,0.261755,1.29298,0.24448,0.976656
162,468.624,1,13.4771,20.2403,24.4932,13.6246,1.45208,0.045385,0.252099,1.26005,0.242987,1.0215
163,458.951,1,13.5105,18.9074,24.0577,14.1936,1.41196,0.0426628,0.263825,1.22053,0.236324,0.949478
164,466.055,1,13.5508,21.5325,24.0575,13.3786,1.39203,0.047649,0.268987,1.14379,0.250054,0.989288
165,473.427,1,13.4958,20.4258,24.1195,12.6165,1.4524,0.048584,0.262075,1.16662,0.266952,0.969883
166,462.956,1,13.5879,22.2394,24.7533,13.0855,1.46988,0.0426455,0.262851,1.08515,0.265908,0.945978
167,464.019,1,13.4452,21.9742,25.0621,12.942,1.38589,0.0463483,0.258166,1.03002,0.280293,1.02966
168,463.608,1,13.4228,21.9436,24.4241,12.6358,1.40734,0.0469968,0.264214,1.0494,0.269404,0.916278
169,460.431,1,13.504,22.9346,24.3803,13.1361,1.34638,0.0505315,0.257112,0.939829,0.265611,0.957024
170,463.199,1,13.4169,26.0881,24.6701,13.491,1.32285,0.0519511,0.250038,1.05346,0.262305,0.95965
171,463.966,1,13.535,21.0907,24.6546,13.3769,1.35339,0.0522306,0.260575,1.04457,0.257379,0.890363
172,462.304,1,13.599,19.0811,25.2256,14.1693,1.31207,0.0529839,0.261165,0.994866,0.285361,0.868167
173,470.337,1,13.419,18.1448,25.2081,13.7632,1.39233,0.0547127,0.253362,0.900392,0.298323,0.904052
174,469.342,1,13.4919,21.059,25.0229,12.0718,1.42586,0.0486552,0.260264,0.903532,0.308679,1.00905
175,462.806,1,13.5662,19.8248,25.3158,12.0311,1.46333,0.042836,0.26016,0.892226,0.291545,1.06023
176,463.599,1,13.5956,20.3907,24.8712,10.9434,1.4633,0.0419702,0.264261,0.941681,0.279296,1.11452
177,465.026,1,13.5457,21.2245,25.1773,10.7587,1.38873,0.0457035,0.262466,1.03348,0.259044,1.16766
178,468.242,1,13.4862,18.9438,24.8566,11.3868,1.57724,0.0418126,0.248647,0.997615,0.245935,1.08873
179,463.894,1,13.4804,19.0911,25.2302,10.3962,1.63703,0.03558,0.260661,0.986495,0.238299,1.05354
180,460.567,1,13.467,18.6456,25.1835,10.0899,1.67591,0.0327073,0.256028,1.00309,0.237453,0.965187
181,461.506,1,13.3938,17.2861,25.0692,11.7984,1.54105,0.0410976,0.257204,1.02227,0.238393,0.948772
182,467.999,1,13.6098,18.6518,25.3112,10.9906,1.57772,0.0427977,0.268121,1.052,0.231197,0.963061
183,467.741,1,13.5824,19.8625,25.299,10.3665,1.51768,0.0450169,0.264828,1.04575,0.235844,1.00804
184,466.735,1,13.5906,20.4098,25.2313,11.256,1.51769,0.0452287,0.267389,1.00776,0.241139,0.970887
185,458.611,1,13.7173,22.5169,25.2692,11.6275,1.47414,0.0448678,0.262528,1.04808,0.209176,0.973652
186,455.65,1,13.5791,23.0412,24.3574,12.2484,1.44476,0.0425876,0.259747,1.03214,0.218544,1.02149
187,459.116,1,13.5143,24.2585,23.5548,12.4321,1.50468,0.0424686,0.260398,1.02005,0.210478,1.02856
188,450.449,1,13.4556,24.1913,23.8506,12.3615,1.50458,0.0390149,0.252763,0.992921,0.226945,0.904247
189,454.893,1,13.4851,26.4978,23.9171,13.3286,1.5433,0.0385929,0.268488,1.02359,0.228126,0.861737
190,443.384,1,13.507,25.3136,24.2894,14.4741,1.46907,0.0374868,0.26232,0.991193,0.217707,0.849967
191,450.646,1,13.4639,21.3607,25.028,13.5768,1.44565,0.0405435,0.257559,0.987894,0.246645,0.891945
192,457.777,1,13.4825,23.3406,24.6759,13.3811,1.49279,0.044082,0.256514,0.985888,0.245523,0.853385
193,459.784,1,13.4589,24.529,23.9741,13.4858,1.54564,0.0420196,0.252077,0.974925,0.241338,0.902899
194,460.531,1,13.4831,25.7931,24.4077,14.2857,1.48989,0.0448315,0.257989,1.02132,0.245399,0.868645
195,458.311,1,13.5065,27.2456,24.1054,14.2659,1.48989,0.0439146,0.253523,0.985346,0.253173,0.85345
196,458.578,1,13.5007,28.0171,23.2631,14.5081,1.52267,0.0438267,0.253353,0.967098,0.249111,0.832968
197,453.389,1,13.4763,28.7018,23.5536,13.2344,1.47291,0.0460227,0.250006,0.885266,0.269017,0.738107
198,452.672,1,13.5686,26.6276,23.635,13.7055,1.38972,0.0486792,0.262387,0.938324,0.255099,0.748398
199,458.819,1,13.5524,26.2583,23.7988,14.0279,1.43089,0.0484541,0.266053,0.955108,0.258297,0.790057
200,455.125,1,13.4394,27.729,23.3567,14.42,1.43081,0.0441794,0.252378,1.05091,0.294169,0.740593
201,462.416,1,13.5599,26.1438,23.6224,12.9047,1.56869,0.0415277,0.262078,0.962719,0.299354,0.75056
202,459.7,1,13.5104,25.3436,23.468,13.6027,1.51153,0.0462032,0.255873,0.88124,0.28869,0.739025
203,460.844,1,13.5224,23.769,24.1855,13.9125,1.45483,0.0503506,0.248718,0.832606,0.299631,0.777519
204,460.015,1,13.5859,23.3119,23.8284,13.7098,1.41023,0.0525503,0.258112,0.769325,0.314273,0.757068
205,463.734,1,13.5327,24.5973,23.487,13.8012,1.44805,0.0501061,0.263986,0.74912,0.327699,0.841039
206,467.251,1,13.4692,26.2254,23.42,14.2384,1.4749,0.0506807,0.258806,0.802117,0.332238,0.807748
207,457.489,1,13.3586,23.695,23.5545,14.1024,1.47198,0.0418319,0.26178,0.819549,0.346768,0.816205
208,458.644,1,13.399,26.0763,23.316,14.1697,1.49912,0.0406416,0.260859,0.958535,0.331835,0.748856
209,451.644,1,13.509,29.8088,23.4823,12.9017,1.54028,0.0352276,0.26109,0.84953,0.3132,0.826258
210,449.358,1,13.4801,28.3983,23.7129,13.3581,1.54026,0.0355573,0.264161,0.84277,0.299947,0.807363
211,452.51,1,13.497,27.5626,23.1673,13.2335,1.60471,0.0338933,0.263736,0.879673,0.296613,0.757236
212,454.23,1,13.5233,27.7894,23.3369,12.6602,1.64849,0.0333111,0.270233,0.832032,0.323285,0.690427
213,445.521,1,13.5317,24.9075,23.2611,13.3456,1.56059,0.0335062,0.265273,0.815997,0.302497,0.726645
214,454.964,1,13.45,27.2347,23.0635,13.3207,1.56074,0.0386261,0.250905,0.854035,0.326954,0.735033
215,461.7,1,13.3886,29.6847,23.3369,14.7263,1.51573,0.044046,0.24964,0.917841,0.316403,0.781146
216,467.49,1,13.4617,28.3201,23.3284,13.8274,1.46267,0.0474266,0.252594,0.888876,0.333415,0.89943
217,459.654,1,13.4043,28.9129,23.8341,14.2994,1.46264,0.0461484,0.246865,0.856906,0.31635,0.820549
218,458.879,1,13.4349,29.9933,23.3051,13.4399,1.52495,0.0402929,0.251547,0.913871,0.311103,0.835781
219,464.113,1,13.3611,28.7379,23.025,13.4251,1.64397,0.0372133,0.252995,0.903646,0.290424,0.892977
220,465.954,1,13.5759,29.7793,23.0186,13.7107,1.60231,0.0418418,0.260074,0.940448,0.29281,0.809712
221,459.499,1,13.5101,30.3662,23.6356,12.7356,1.52796,0.0435005,0.265271,0.86964,0.293199,0.765553
222,455.093,1,13.4936,28.9003,23.4005,12.4649,1.64076,0.0373812,0.268654,0.771322,0.296083,0.717293
223,457.928,1,13.4871,29.1642,23.7634,12.1275,1.64079,0.0375005,0.275362,0.733052,0.30291,0.771177
224,460.587,1,13.4617,27.451,23.2064,12.6492,1.58223,0.0422285,0.256541,0.776623,0.307041,0.807043
225,473.446,1,13.5382,26.4228,23.2575,13.1901,1.70842,0.0425872,0.262012,0.844025,0.306276,0.810417
226,473.6,1,13.4958,27.0667,23.7114,12.9248,1.74074,0.0408414,0.265532,0.819918,0.306682,0.822398
227,464.443,1,13.5239,29.4596,23.1493,12.6685,1.64771,0.0386809,0.26469,0.890565,0.302568,0.784244
228,468.73,1,13.4402,30.4934,22.7704,13.5009,1.64776,0.0417995,0.259926,0.907222,0.299805,0.807769
229,472.727,1,13.4933,32.9279,23.0456,12.3998,1.6478,0.0430138,0.265716,0.940491,0.287768,0.835828
230,473.733,1,13.4837,34.1361,22.9673,13.915,1.72446,0.0392153,0.263641,1.00128,0.29158,0.803565
231,470.77,1,13.4534,29.4952,22.8966,14.0298,1.64042,0.044893,0.251721,0.908755,0.278026,0.847918
232,467.126,1,13.4914,29.3857,23.1708,14.0032,1.64032,0.0410633,0.248973,1.01219,0.287785,0.808572
233,464.532,1,13.5425,26.26,23.3592,14.7218,1.52527,0.0424955,0.266206,1.06646,0.286912,0.804488
234,472.936,1,13.6026,24.2521,23.0699,14.001,1.61823,0.043119,0.272089,1.09577,0.279266,0.792758
235,475.193,1,13.4562,26.8231,23.2933,14.3122,1.58827,0.0476022,0.248512,0.977748,0.279136,0.921079
236,458.61,1,13.5412,27.8265,23.9528,13.0579,1.50011,0.0424949,0.26198,0.987357,0.265438,0.836521
237,457.243,1,13.4572,24.7167,24.0434,12.2175,1.50006,0.041403,0.2605,1.03555,0.270429,0.809059
238,459.71,1,13.4977,23.5142,23.9141,12.1952,1.50005,0.0415148,0.261726,1.02967,0.268874,0.862516
239,461.178,1,13.4953,27.3643,23.9386,13.5754,1.45978,0.0463246,0.253718,1.00231,0.262038,0.867202
240,463.238,1,13.5257,26.2807,24.0878,12.4251,1.45987,0.0498237,0.256057,0.885115,0.276919,0.841021
241,464.75,1,13.3962,23.896,23.805,12.8225,1.57724,0.0449109,0.253734,0.869077,0.282144,0.817189
242,452.612,1,13.5118,23.7904,24.3508,13.2734,1.66597,0.032111,0.257304,0.936629,0.241539,0.823462
243,452.931,1,13.4884,25.6611,24.1314,13.4013,1.63707,0.0366665,0.247141,0.919634,0.22592,0.842015
244,459.016,1,13.5943,24.0139,23.7476,13.3767,1.73595,0.0353306,0.25669,0.932925,0.222905,0.808165
245,475.975,1,13.5686,24.0301,23.7501,13.2878,1.85655,0.0341526,0.263596,1.01646,0.244908,0.884801
246,467.864,1,13.5463,26.2764,23.9143,13.6103,1.80544,0.0298559,0.264988,1.06472,0.257803,0.822504
247,463.118,1,13.4105,26.2188,24.1545,14.3427,1.75106,0.0306514,0.257931,1.06011,0.26214,0.792243
248,462.909,1,13.5436,25.7585,23.7167,13.3057,1.70221,0.0356084,0.261041,0.997391,0.249172,0.814573
249,453.319,1,13.5078,27.4263,23.4435,12.0346,1.70211,0.0325011,0.254538,0.869354,0.247333,0.831403
250,460.091,1,13.5012,30.227,23.2717,11.8091,1.66111,0.0370661,0.260648,0.797506,0.263482,0.907389
251,463.275,1,13.5034,32.204,22.8859,12.4243,1.70387,0.0363362,0.260121,0.913841,0.270785,0.798679
252,456.669,1,13.596,32.2334,22.9893,13.1334,1.77665,0.0349924,0.245144,0.889146,0.224125,0.748908
253,447.154,1,13.5656,27.7776,23.6926,12.8947,1.66177,0.0319742,0.260905,0.839305,0.245453,0.759397
254,459.87,1,13.4975,30.3892,23.3839,12.3519,1.76599,0.033311,0.25918,0.881699,0.237727,0.810422
255,458.631,1,13.4908,30.8045,23.5738,12.432,1.6648,0.0398417,0.255966,0.806754,0.236973,0.860323
256,461.972,1,13.5636,26.0947,23.7968,12.4745,1.60222,0.0427706,0.270049,0.864518,0.236246,0.87668
257,461.733,1,13.5489,23.957,24.0366,13.6897,1.56952,0.043934,0.267852,0.97626,0.242082,0.789598
258,460.666,1,13.4187,21.3366,24.1499,13.2487,1.53547,0.0439207,0.25894,1.0889,0.235241,0.785588
259,467.62,1,13.4089,20.5399,24.542,13.5595,1.65931,0.0426041,0.26495,1.13557,0.209944,0.804766
260,466.941,1,13.473,20.2228,24.4841,12.9196,1.58894,0.0455628,0.264064,1.1449,0.209437,0.826911
261,463.418,1,13.4788,22.8039,24.4461,12.3266,1.53934,0.0472262,0.267528,1.08658,0.192004,0.868426
262,466.673,1,13.4858,21.5821,24.4038,13.189,1.48287,0.0530603,0.262741,1.08366,0.180984,0.924946
263,476.515,1,13.556,23.8266,24.8535,12.3429,1.65077,0.052484,0.263204,1.0771,0.175058,0.923158
264,470.032,1,13.6416,24.9544,24.5431,12.5088,1.60547,0.0479769,0.271683,1.06178,0.186215,0.934704
265,460.773,1,13.6357,25.76,24.2585,12.893,1.55397,0.0462025,0.271067,0.988834,0.192055,0.888021
266,466.097,1,13.5482,23.3556,24.3437,13.1141,1.49252,0.0479807,0.261934,1.12249,0.214337,0.928443
267,464.617,1,13.494,22.8514,24.2797,13.0358,1.4925,0.0468212,0.261932,1.1675,0.211514,0.896826
268,467.495,1,13.546,18.7696,24.5561,13.1311,1.46307,0.049176,0.257851,1.10997,0.218894,0.983934
269,468.837,1,13.4079,20.2398,24.9262,14.0165,1.44041,0.0487962,0.247907,1.26617,0.228874,0.962937
270,461.942,1,13.4138,18.1184,25.5066,13.4265,1.42111,0.0468412,0.254762,1.20329,0.222181,0.935316
271,464.84,1,13.4859,16.988,26.1486,13.7457,1.49558,0.0461074,0.260789,1.0703,0.231337,0.936423
272,470.301,1,13.4569,17.341,25.522,13.3574,1.63006,0.0395197,0.266161,1.09737,0.26212,0.893907
273,475.522,1,13.549,17.3179,25.3887,11.8708,1.56638,0.0456573,0.270707,1.12003,0.280592,0.860855
274,471.292,1,13.502,19.0398,24.4638,12.6601,1.59695,0.0424183,0.266993,1.20283,0.25945,0.813313
275,469.782,1,13.4536,17.8348,24.3269,12.6689,1.63831,0.0386608,0.266702,1.21853,0.256021,0.819052
276,462.22,1,13.5106,19.622,24.1491,13.4351,1.66347,0.0343868,0.261886,1.09046,0.262515,0.803169
277,461.37,1,13.6027,21.5143,23.3059,14.5329,1.57177,0.0376797,0.265847,1.11441,0.283309,0.785161
278,463.172,1,13.4148,22.7722,23.4113,14.0978,1.65433,0.0359614,0.260414,1.08029,0.263485,0.799685
279,465.606,1,13.4897,23.5591,23.724,13.6051,1.74345,0.0326354,0.274339,1.03443,0.244806,0.842436
280,470.947,1,13.5443,25.5824,23.7472,12.8004,1.6915,0.0409064,0.264835,1.01471,0.248715,0.855426
281,468.846,1,13.727,23.1105,23.5222,12.2882,1.74325,0.0372076,0.265563,0.937424,0.255548,0.860109
282,465.258,1,13.6582,24.04,23.9187,11.8351,1.76522,0.0314893,0.265161,1.03757,0.241915,0.864327
283,464.524,1,13.5293,24.1456,23.5385,12.8765,1.63087,0.0396398,0.252545,1.05825,0.239877,0.879345
284,466.194,1,13.5227,24.0537,23.2523,12.8725,1.5579,0.0460539,0.252108,1.14136,0.215394,0.867925
285,466.52,1,13.5438,28.0668,23.1703,12.8835,1.58519,0.0450683,0.264944,1.10586,0.204566,0.885567
286,464.356,1,13.5132,27.1675,22.9576,14.1986,1.58515,0.0438977,0.26129,1.10981,0.215212,0.839831
287,469.083,1,13.5418,30.0307,22.9688,13.1428,1.67289,0.0399008,0.265545,1.16686,0.229757,0.818502
288,471.955,1,13.5771,27.9306,22.8562,13.077,1.70856,0.0381908,0.266203,1.15759,0.248086,0.82031
289,466.567,1,13.4592,32.6623,22.9009,13.5782,1.62161,0.0411466,0.255881,1.17163,0.236646,0.808236
290,465.189,1,13.5302,26.6197,23.8038,13.4301,1.56313,0.0436848,0.267097,1.12341,0.224809,0.849845
291,456.992,1,13.4303,25.8423,23.8121,14.4423,1.50304,0.0431078,0.258318,1.05393,0.226616,0.841855
292,457.796,1,13.4814,25.9134,24.0368,14.4026,1.58036,0.0415075,0.252597,0.960692,0.236624,0.825229
293,449.945,1,13.4399,27.0332,23.8609,14.198,1.47819,0.0414194,0.254366,0.905228,0.254537,0.814368
294,458.596,1,13.392,28.1683,23.8029,13.9617,1.45328,0.0452283,0.255412,0.948039,0.271973,0.859082
295,464.111,1,13.4443,27.7198,23.8643,13.0631,1.45335,0.0492663,0.251696,1.05026,0.258278,0.852115
296,461.284,1,13.4541,24.8216,24.712,13.2061,1.48227,0.0444203,0.261925,1.0389,0.254777,0.862858
297,461.175,1,13.534,21.8318,25.0433,12.4503,1.59076,0.0408619,0.25215,1.00287,0.243374,0.861077
298,459.281,1,13.5167,21.3818,24.6453,12.5418,1.59074,0.0392515,0.255991,0.921687,0.264439,0.848721
299,467.204,1,13.399,24.2473,24.1607,12.6871,1.62836,0.0416517,0.261008,0.905433,0.271928,0.871748
300,464.289,1,13.5408,25.6616,24.0869,13.0194,1.49874,0.0471383,0.255316,0.936856,0.276626,0.850967
301,460.125,1,13.5297,26.1456,24.1061,13.2583,1.52316,0.0453775,0.249923,0.941744,0.264832,0.801455
302,457.819,1,13.5615,22.6746,24.2406,13.2744,1.52311,0.0447319,0.265255,0.943621,0.262603,0.755643
303,462.289,1,13.5201,23.4682,24.2228,13.4112,1.50485,0.0487349,0.257674,0.97677,0.246692,0.769125
304,463.643,1,13.4144,27.7576,23.9333,12.8569,1.55166,0.042164,0.259165,1.02284,0.250083,0.887349
305,467.509,1,13.6559,28.0465,24.0941,12.1561,1.61621,0.0410936,0.246919,1.11192,0.236702,0.936196
306,465.833,1,13.5136,24.9932,24.6959,12.6379,1.64181,0.0391743,0.244922,1.0854,0.242996,0.90725
307,462.645,1,13.4406,25.8193,23.9823,12.6393,1.52703,0.0411512,0.253056,1.08979,0.25136,0.93608
308,479.209,1,13.5083,27.3392,24.1363,13.8852,1.63825,0.0441707,0.254694,1.06673,0.264222,1.03815
309,478.917,1,13.4073,24.7036,24.5646,13.743,1.63821,0.0420502,0.257001,1.04442,0.264586,1.12404
310,473.515,1,13.6156,27.1415,24.6327,10.9793,1.56523,0.0442171,0.261435,1.03143,0.252098,1.08705
311,470.498,1,13.6159,24.5418,24.7718,11.2819,1.5652,0.043064,0.261139,1.06042,0.257404,0.986117
312,470.823,1,13.6829,23.1167,25.0446,11.1585,1.52682,0.0459381,0.263755,0.989783,0.262324,1.00741
313,470.094,1,13.5783,22.5418,24.9865,10.6968,1.63319,0.0416072,0.254226,1.09545,0.261212,0.847519
314,468.335,1,13.5613,25.1434,24.8506,11.492,1.57247,0.0439751,0.267296,1.00814,0.252516,0.896954
315,463.898,1,13.5551,25.5777,25.2884,12.5193,1.42412,0.0516363,0.25539,1.0266,0.243162,0.855357
316,472.686,1,13.5568,22.6573,25.2493,12.4629,1.52909,0.0496405,0.258514,1.04745,0.226364,0.996302
317,471.788,1,13.6162,18.959,25.3592,12.1455,1.6418,0.0451348,0.266196,0.927544,0.237163,0.93457
318,461.698,1,13.5796,18.8689,25.4276,12.4658,1.5779,0.041621,0.26517,0.988986,0.226597,0.907599
319,466.778,1,13.457,19.0242,25.7476,13.1013,1.57795,0.0435479,0.257838,0.918739,0.261759,0.940094
320,463.805,1,13.5664,18.3647,25.479,12.9113,1.50313,0.0445054,0.255378,1.05286,0.250828,0.916206
321,466.099,1,13.6073,18.8623,25.9844,13.2838,1.50317,0.0452836,0.262033,1.01819,0.253739,0.935276
322,459.253,1,13.3803,18.7665,25.6057,11.9346,1.50316,0.0433907,0.259686,0.871564,0.254402,0.947493
323,455.743,1,13.489,16.1477,25.8445,12.0491,1.43511,0.0432232,0.249996,0.93534,0.249739,1.03065
324,452.205,1,13.4544,18.1839,25.413,11.5545,1.48615,0.0373808,0.25013,0.931894,0.255539,1.02467
325,462.314,1,13.3542,18.9279,25.3694,10.5822,1.44546,0.0441885,0.246789,0.990687,0.269935,1.03022
326,465.58,1,13.5577,22.0767,25.1256,11.1281,1.55039,0.0436529,0.257228,0.946498,0.251326,0.987213
327,460.213,1,13.5334,24.207,24.9128,11.0811,1.51416,0.0432764,0.254921,0.927907,0.262503,0.914013
328,460.533,1,13.6056,23.3199,24.6012,10.6214,1.51414,0.0439671,0.256966,0.968343,0.272656,0.842198
329,467.949,1,13.5255,23.3,24.4431,11.2282,1.48794,0.0485773,0.254329,1.00984,0.273988,0.858767
330,455.761,1,13.5572,23.0147,24.6497,12.1686,1.38614,0.0460302,0.262871,0.977259,0.258668,0.890812
331,457.707,1,13.6209,24.0082,24.433,14.0432,1.32999,0.0492365,0.260902,1.02718,0.249295,0.947549
332,458.939,1,13.5926,21.1373,24.7585,12.8203,1.43784,0.0445068,0.268497,0.975839,0.242652,0.979471
333,457.876,1,13.6152,21.0236,24.5422,12.9625,1.43782,0.0433759,0.268997,1.01158,0.224708,1.02815
334,461.482,1,13.5466,19.1906,24.7945,12.4475,1.50162,0.0433105,0.263164,1.04943,0.245625,0.897003
335,466.63,1,13.5331,18.735,25.2647,12.4252,1.43062,0.0500375,0.253981,1.13952,0.242415,0.902445
336,477.675,1,13.4538,21.0768,25.0347,10.7863,1.51148,0.0501311,0.254191,1.16127,0.249628,0.994432
337,475.492,1,13.5244,18.3971,24.8806,12.1787,1.51149,0.049879,0.260129,1.09304,0.258696,0.920344
338,474.402,1,13.5663,22.4784,25.3647,12.9079,1.4155,0.0535399,0.259619,1.09467,0.261549,0.963973
339,475.187,1,13.4851,19.7408,24.995,12.067,1.49353,0.0493262,0.251022,1.05912,0.280429,0.978995
340,474.531,1,13.4465,19.7396,25.7057,11.074,1.56569,0.0492677,0.255475,0.886503,0.275928,0.956963
341,478.879,1,13.4414,20.4918,26.1363,10.7467,1.56573,0.0528016,0.251,0.918847,0.251675,1.0477
342,463.439,1,13.4242,21.052,26.4459,11.3996,1.46364,0.0469437,0.259869,0.935271,0.256673,0.956413
343,465.955,1,13.5258,22.2244,25.3176,11.5246,1.4637,0.0495655,0.256207,0.89753,0.238925,1.06161
344,463.953,1,13.5438,23.3364,25.0606,11.4664,1.44101,0.0529841,0.260277,0.854815,0.24451,0.893317
345,463.071,1,13.5134,22.7982,24.7469,11.76,1.45982,0.0474342,0.264331,0.833022,0.272013,0.969401
346,461.299,1,13.6462,22.19,25.0408,11.869,1.59654,0.0437922,0.264165,0.772292,0.26171,0.872082
347,466.164,1,13.5772,21.2972,25.0819,10.7185,1.59661,0.0477581,0.253888,0.769495,0.258503,0.919317
348,473.496,1,13.7775,20.3819,25.7563,10.1276,1.6455,0.0494121,0.260512,0.787755,0.25735,0.922688
349,470.387,1,13.6234,19.7568,25.7135,10.916,1.55596,0.0467977,0.270757,0.794335,0.291437,0.961215
350,470.914,1,13.6748,21.4551,25.7114,9.48704,1.50295,0.0485032,0.267424,0.863353,0.295401,0.95014
351,463.543,1,13.601,21.5113,26.1803,9.74406,1.54418,0.0425158,0.256256,0.802621,0.312289,0.938023
352,467.994,1,13.584,21.9881,26.3794,9.39399,1.54424,0.0466484,0.261341,0.854375,0.295577,0.916997
353,478.787,1,13.635,19.7552,26.268,8.97998,1.59791,0.0509594,0.263639,0.858188,0.289674,0.911811
354,476.064,1,13.8338,18.5352,26.4266,9.76925,1.54038,0.0518959,0.268033,0.875592,0.284286,0.921156
355,480.175,1,13.6875,19.2681,26.1541,10.3685,1.56322,0.0546122,0.265155,0.835548,0.278644,0.952669
356,471.752,1,13.5749,20.3391,26.4658,9.58655,1.43932,0.0567579,0.255295,0.765621,0.275447,1.00064
357,470.683,1,13.5509,19.9647,26.2732,10.5339,1.46854,0.0510249,0.257796,0.861931,0.261815,1.0702
358,475.531,1,13.4645,18.5487,26.1397,11.0913,1.51267,0.0528825,0.256727,0.862185,0.251966,1.06882
359,474.705,1,13.5504,18.2092,26.4285,9.81143,1.54687,0.050211,0.264932,0.857347,0.252508,1.06109
360,478.665,1,13.5725,18.6281,26.6069,9.93046,1.54686,0.0490625,0.261093,0.892548,0.274933,1.14193
361,472.983,1,13.5876,19.0309,25.992,11.2013,1.63423,0.0406314,0.263547,0.867299,0.292051,1.06898
362,468.589,1,13.7384,19.0292,26.029,10.8302,1.63424,0.0418212,0.257793,0.755921,0.278136,1.109
363,472.879,1,13.6032,18.2683,25.8765,12.7661,1.55197,0.0470495,0.258925,0.829593,0.276552,1.10464
364,467.822,1,13.5561,18.4303,25.3268,11.7994,1.45107,0.0500563,0.263565,0.816529,0.275417,1.03057
365,459.741,1,13.4677,17.2436,26.0236,10.2774,1.40387,0.0497662,0.263984,0.769714,0.25716,1.01494
366,457.308,1,13.562,17.0838,26.4222,10.7231,1.43912,0.0436752,0.268444,0.785542,0.26089,1.10517
367,462.402,1,13.5579,17.9441,26.3249,10.277,1.47395,0.0452631,0.272057,0.766868,0.271954,1.07968
368,459.041,1,13.5352,18.7844,26.0316,10.6088,1.49956,0.0449017,0.266472,0.66556,0.271827,1.07424
369,454.326,1,13.4645,18.7714,26.0957,10.7605,1.42968,0.0484923,0.254058,0.681432,0.240161,1.0732
370,458.434,1,13.5901,19.733,25.8112,11.715,1.49867,0.044213,0.263881,0.744021,0.24883,1.08826
371,465.741,1,13.6846,19.2033,25.5607,10.863,1.60478,0.0422458,0.255122,0.838928,0.253504,1.03431
372,464.761,1,13.6515,20.6993,25.2715,10.5439,1.54271,0.0437809,0.262453,0.931749,0.261613,0.929758
373,466.488,1,13.7061,22.425,24.5155,9.92707,1.51102,0.0448456,0.258649,0.992396,0.249939,1.02217
374,475.778,1,13.4992,24.0719,24.3142,10.4008,1.50348,0.0494473,0.258073,0.905718,0.279938,1.10267
375,478.562,1,13.4296,27.019,24.4376,9.6114,1.56989,0.0446297,0.26243,0.888485,0.290883,1.22419
376,469.143,1,13.5213,27.4304,24.4778,10.2724,1.56993,0.04647,0.249116,0.820063,0.248132,1.11767
377,471.559,1,13.5924,26.5921,24.0155,11.2837,1.64368,0.0426465,0.259181,0.864733,0.261401,1.03015
378,469.524,1,13.5184,29.8224,24.1065,12.5638,1.74365,0.0341066,0.259511,0.864007,0.249311,1.13259
379,466.014,1,13.5749,29.1225,24.0689,11.6097,1.68219,0.0386299,0.259395,0.904288,0.233782,1.00098
380,457.136,1,13.6798,27.2581,23.8003,13.5576,1.55897,0.0369728,0.264032,0.906417,0.264039,0.97114
381,454.516,1,13.5683,27.8973,23.6737,13.1611,1.55896,0.0379071,0.263117,0.876236,0.254865,0.925045
382,456.426,1,13.4299,25.5617,23.428,13.1642,1.58622,0.0382601,0.254422,0.933708,0.232635,0.922372
383,463.719,1,13.3002,28.1029,23.4826,13.0664,1.62263,0.0407052,0.257763,0.97727,0.234068,0.89223
384,462.583,1,13.429,30.199,23.4096,12.981,1.60751,0.0437977,0.260131,0.949302,0.202781,0.923548
385,454.072,1,13.4838,31.9634,22.7536,13.4996,1.5163,0.0408625,0.265255,0.993165,0.195169,0.983794
386,466.482,1,13.4598,33.4232,23.1525,13.6095,1.47069,0.0513998,0.261471,1.02723,0.206587,0.948545
387,464.345,1,13.5747,33.9495,23.1754,11.8176,1.47065,0.0500594,0.261927,0.910598,0.224674,0.953814
388,475.048,1,13.6258,32.475,22.4393,12.0762,1.57862,0.0491809,0.265875,0.975989,0.234986,0.975821
389,472.131,1,13.5027,33.544,22.9392,12.1878,1.51366,0.0492694,0.270177,0.995032,0.2383,0.973265
390,469.51,1,13.5273,36.0281,22.7825,13.3025,1.58895,0.0474218,0.261791,0.930223,0.230904,0.934711
391,462.04,1,13.5011,32.8521,23.0142,12.9605,1.61291,0.0408453,0.26035,0.927077,0.236131,0.895068
392,454.513,1,13.4334,31.2732,23.5922,13.3078,1.55576,0.0414078,0.253895,0.882547,0.237715,0.849501
393,466.017,1,13.4817,30.6876,23.2877,12.7598,1.61582,0.0478329,0.259134,0.778609,0.246559,0.861822
394,460.294,1,13.571,30.3293,23.1298,12.781,1.61728,0.0424083,0.255125,0.756959,0.242688,0.956856
395,459.678,1,13.7128,30.0772,23.9807,11.3311,1.63177,0.0385789,0.270352,0.802989,0.247502,0.935615
396,459.664,1,13.5263,30.3678,24.107,11.6725,1.69629,0.036723,0.25713,0.79165,0.252016,0.891787
397,459.565,1,13.5201,31.0224,23.4813,11.4471,1.61443,0.0391184,0.258079,0.80342,0.261609,0.933041
398,458.305,1,13.4854,27.6917,23.7913,11.2135,1.61451,0.0410151,0.256546,0.742855,0.260502,0.872673
399,453.93,1,13.5488,29.2541,23.7399,11.1107,1.70364,0.0355092,0.262427,0.687693,0.26819,0.803963
400,456.015,1,13.5554,34.0336,23.6926,12.4788,1.70359,0.0346471,0.267022,0.68701,0.264265,0.923032
401,455.477,1,13.4929,30.6507,23.8547,13.0738,1.67292,0.0375259,0.255827,0.732628,0.259169,0.846063
402,448.965,1,13.4771,29.9574,23.933,13.2576,1.62553,0.0356619,0.258288,0.736758,0.2592,0.819314
403,449.886,1,13.6766,29.3989,23.7695,12.8637,1.55459,0.0380153,0.254547,0.847582,0.259381,0.823837
404,460.524,1,13.4903,27.3585,23.9308,12.3757,1.50028,0.0467999,0.253972,0.815327,0.277821,0.859238
405,457.993,1,13.4782,28.1828,24.225,12.2136,1.47869,0.0467698,0.25837,0.829397,0.264841,0.850024
406,461.329,1,13.5768,25.6638,24.2859,13.3707,1.44368,0.050677,0.264879,0.850328,0.253758,0.87018
407,453.688,1,13.337,24.517,23.6535,15.4591,1.46881,0.0450809,0.255257,0.92577,0.235342,0.825128
408,455.002,1,13.5438,25.0765,23.9052,15.9357,1.39705,0.0509249,0.254134,0.901003,0.225556,0.87125
409,466.58,1,13.4331,26.2295,23.3115,15.2986,1.4484,0.0521428,0.249213,1.03583,0.235626,0.889805
410,459.539,1,13.4868,26.2967,23.8046,13.2042,1.44832,0.0470257,0.25979,1.05694,0.22776,0.889069
411,449.699,1,13.515,27.1764,23.7845,14.634,1.43241,0.0418178,0.255368,1.07541,0.221613,0.867082
412,452.298,1,13.5155,27.6304,23.3624,15.18,1.43251,0.0455883,0.24992,0.978972,0.237135,0.835265
413,462.762,1,13.3998,29.1238,23.5704,13.613,1.51089,0.0474725,0.255429,0.969006,0.240057,0.849658
414,455.758,1,13.51,29.3896,23.1891,12.2094,1.44905,0.0449105,0.249311,1.00879,0.249787,0.847548
415,457.662,1,13.364,31.0235,23.1378,12.8585,1.48639,0.0456403,0.247153,1.00745,0.22056,0.894053
416,453.594,1,13.4599,27.9397,24.0634,12.0191,1.45009,0.04407,0.251381,0.913861,0.240713,0.918482
417,457.732,1,13.4629,28.1937,23.3452,12.3313,1.48653,0.0440772,0.254745,0.891973,0.258037,0.903099
418,465.656,1,13.4868,27.5355,23.4426,11.4843,1.48659,0.0458137,0.260512,0.929391,0.289218,0.891451
419,471.165,1,13.4022,26.0773,23.6776,11.8254,1.51538,0.0488564,0.264748,0.974163,0.270937,0.872271
420,467.426,1,13.3855,25.5508,24.0317,12.5211,1.58446,0.0439067,0.266052,0.961693,0.255106,0.875431
421,472.789,1,13.5591,25.7875,24.1938,12.9495,1.64118,0.0459426,0.266467,0.863208,0.245847,0.962403
422,470.68,1,13.5766,27.7892,24.0475,13.7032,1.59682,0.0489296,0.259821,0.869808,0.248186,0.894435
423,465.144,1,13.5844,26.577,23.8887,12.9365,1.59675,0.0445753,0.267678,0.832911,0.251063,0.904494
424,460.858,1,13.5945,29.9886,24.1733,12.1702,1.56941,0.0447516,0.26233,0.741919,0.271757,0.887889
425,454.334,1,13.3368,31.1296,24.0542,11.1067,1.72592,0.0308982,0.258545,0.70892,0.278806,0.879893
426,455.304,1,13.6141,27.2742,23.7926,11.1594,1.65616,0.0357066,0.269254,0.734291,0.285273,0.818233
427,450.272,1,13.6641,30.0159,23.3565,11.7962,1.60818,0.0372514,0.271638,0.690494,0.277019,0.798065
428,456.993,1,13.4861,27.2867,24.0228,11.6646,1.6082,0.0385606,0.257431,0.689173,0.28659,0.964222
429,452.596,1,13.5669,26.7807,23.8029,11.5074,1.63498,0.0366413,0.256741,0.666601,0.287649,0.865221
430,467.787,1,13.4154,25.7046,24.0652,11.5838,1.60375,0.0446606,0.253413,0.76215,0.302822,0.912891
431,460.745,1,13.4892,26.9251,23.785,11.8154,1.62552,0.0402676,0.262363,0.730674,0.309576,0.818439
432,466.864,1,13.391,24.3863,24.1404,12.4263,1.65918,0.0433654,0.253499,0.66469,0.3162,0.895103
433,464.813,1,13.3009,24.2491,23.9421,12.5113,1.6384,0.0437549,0.258045,0.722307,0.284409,0.862231
434,464.665,1,13.6147,23.7093,23.9549,12.3136,1.67339,0.0413754,0.265487,0.705552,0.288352,0.876229
435,462.469,1,13.737,25.9548,23.7188,12.736,1.55686,0.0480548,0.270462,0.700846,0.284264,0.827305
436,466.23,1,13.5254,27.3282,23.6436,13.0186,1.60691,0.0452189,0.254431,0.842151,0.300218,0.778294
437,467.596,1,13.5534,24.7194,24.0057,11.5198,1.63668,0.0407502,0.266883,0.891757,0.31065,0.78996
438,463.944,1,13.5353,27.5305,24.311,11.3069,1.5348,0.0448641,0.253556,0.800212,0.317941,0.874884
439,465.271,1,13.5086,27.3685,24.8415,10.9133,1.69578,0.0379422,0.267147,0.738055,0.312642,0.849157
440,459.005,1,13.5684,28.7184,24.74,10.67,1.70549,0.0331785,0.26875,0.744385,0.30058,0.844063
441,455.408,1,13.4371,25.8292,24.4786,11.4585,1.62995,0.0370092,0.259677,0.683329,0.299443,0.874025
442,449.018,1,13.4289,24.5254,24.3612,12.0727,1.68127,0.0345546,0.251482,0.571708,0.293535,0.86719
443,460.107,1,13.5853,22.816,24.6951,11.276,1.73011,0.0341515,0.267432,0.72226,0.312328,0.789003
444,466.039,1,13.657,23.7269,24.4655,10.6275,1.85108,0.0322505,0.271675,0.654842,0.330223,0.7759
445,459.768,1,13.589,25.7406,23.8137,11.0947,1.85097,0.0281297,0.265087,0.693244,0.31731,0.733269
446,463.825,1,13.6346,28.5646,23.851,11.2633,1.85104,0.0306687,0.252235,0.748606,0.31221,0.770113
447,470.239,1,13.5428,29.1357,23.7838,12.0298,1.74712,0.0354936,0.251696,0.837498,0.337066,0.845143
448,468.62,1,13.7206,29.9145,23.6502,12.6427,1.687,0.0368233,0.264557,0.915603,0.342447,0.77225
449,467.077,1,13.4495,26.8246,24.0865,12.7505,1.721,0.0383377,0.242166,0.840287,0.329297,0.767903
450,467.046,1,13.4345,29.0082,24.0488,12.1523,1.66937,0.0409501,0.253169,0.808434,0.329624,0.776947
451,462.384,1,13.3229,30.1594,23.6107,12.6172,1.66933,0.0377856,0.252861,0.795305,0.328361,0.756116
452,460.328,1,13.5521,27.0708,23.4136,13.1095,1.61884,0.0422074,0.254101,0.814718,0.308408,0.707515
453,456.816,1,13.602,28.1398,23.7224,13.3109,1.58786,0.0416482,0.260935,0.864099,0.305398,0.652786
454,448.507,1,13.4446,25.2347,23.5584,13.2647,1.59943,0.0360719,0.254529,0.810468,0.287347,0.706001
455,457.107,1,13.4936,26.6428,24.093,12.3878,1.62569,0.0387288,0.252324,0.879473,0.26473,0.794869
456,462.84,1,13.447,25.752,24.1349,12.2374,1.69141,0.0364443,0.251482,0.825916,0.291097,0.859038
457,450.559,1,13.4647,26.0532,23.5754,12.6426,1.549,0.0384607,0.24946,0.810676,0.273209,0.838594
458,454.788,1,13.4978,26.1978,24.2289,11.5158,1.58864,0.0378849,0.252606,0.802938,0.277375,0.875094
459,460,1,13.5569,27.2018,24.0774,12.138,1.65697,0.0370514,0.251204,0.823884,0.266784,0.923576
460,456.437,1,13.5375,26.4812,24.7426,10.4487,1.51017,0.0412557,0.25832,0.884294,0.259588,0.918478
461,466.469,1,13.6063,29.0761,24.8085,11.1838,1.51065,0.0457056,0.263866,0.886143,0.26729,0.99781
462,464.432,1,13.7474,29.6405,25.3588,11.0464,1.46247,0.0488017,0.259577,0.930167,0.248505,0.969304
463,475.104,1,13.674,28.0957,25.5566,10.5312,1.53696,0.0496028,0.259617,0.841845,0.278778,1.09135
464,478.31,1,13.4858,28.5003,26.1382,9.94574,1.65124,0.0460916,0.268885,0.747955,0.270739,1.17507
465,476.315,1,13.5509,29.9499,25.0739,10.6677,1.51357,0.052925,0.264103,0.744243,0.290701,1.07896
466,482.299,1,13.4742,27.391,24.9444,10.0041,1.61245,0.0515803,0.266968,0.733327,0.294299,1.08288
467,474.203,1,13.5265,26.396,25.0129,8.97937,1.57027,0.0488322,0.265542,0.690451,0.290299,1.11694
468,472.735,1,13.5216,28.9592,25.141,9.9884,1.60737,0.0481126,0.256301,0.702464,0.28921,1.03991
469,481.511,1,13.3703,23.6059,25.3922,10.7251,1.69145,0.0480342,0.258526,0.768698,0.303623,0.964597
470,472.227,1,13.4354,26.0575,24.5679,10.3274,1.69131,0.0408051,0.262381,0.840058,0.287395,0.925663
471,463.416,1,13.5767,27.3528,24.2118,11.2611,1.63983,0.0410427,0.270121,0.812297,0.271795,0.837635
472,469.942,1,13.4584,30.1066,23.7552,12.5688,1.66266,0.0463657,0.250229,0.800625,0.268253,0.864042
473,476.383,1,13.437,30.4035,23.0938,12.6562,1.66273,0.0489004,0.253261,0.894717,0.257971,0.867127
474,460.058,1,13.4437,29.1864,22.9892,13.4381,1.56704,0.0443436,0.256898,0.898003,0.248652,0.799454
475,463.86,1,13.4991,31.7076,23.476,12.194,1.60052,0.0436045,0.254168,0.91225,0.253462,0.843869
476,457.736,1,13.396,33.2195,23.7545,12.5802,1.62919,0.0363525,0.25832,0.883632,0.261629,0.872092
477,458.43,1,13.48,30.5773,23.6172,13.0626,1.5527,0.0429221,0.256194,0.863322,0.256843,0.857378
478,459.231,1,13.5454,27.1016,24.1954,12.6722,1.49112,0.046364,0.257636,0.787372,0.283242,0.884063
479,465.569,1,13.3546,26.126,24.2791,12.6078,1.56712,0.0446415,0.254045,0.832917,0.286509,0.898472
480,462.287,1,13.5269,25.0984,23.9962,13.0155,1.4994,0.0439839,0.264165,0.817919,0.314326,0.888737
481,473.3,1,13.488,22.1556,24.4968,13.8257,1.56567,0.0440275,0.269326,0.881582,0.320308,0.959313
482,472.861,1,13.5236,23.5955,24.0644,13.7754,1.74448,0.0356596,0.263478,0.901013,0.315345,0.879268
483,462.003,1,13.5341,23.0805,24.6429,12.6829,1.60157,0.0351142,0.268019,0.998551,0.296507,0.863821
484,469.071,1,13.5498,21.6547,23.8735,12.226,1.64412,0.0334583,0.276475,1.12334,0.307084,0.862016
485,453.402,1,13.5742,21.2929,24.1296,13.119,1.56544,0.0306226,0.268485,1.0296,0.296128,0.85191
486,459.807,1,13.5351,20.8103,24.2364,13.4808,1.6714,0.0284741,0.260385,0.997192,0.307241,0.87865
487,457.517,1,13.4004,22.1906,23.7479,12.4945,1.63925,0.0285541,0.244323,0.975518,0.314775,0.939234
488,445.414,1,13.4019,20.406,23.9209,14.531,1.54763,0.0265948,0.251055,0.987949,0.304426,0.894629
489,443.607,1,13.4166,20.1244,23.9573,14.1538,1.54758,0.0240653,0.253268,0.922907,0.319834,0.924522
490,447.034,1,13.5383,19.1786,24.474,14.8667,1.54769,0.0284448,0.261264,0.965343,0.290986,0.947261
491,455.586,1,13.4966,20.2055,24.7995,13.911,1.47236,0.0327921,0.255149,1.0649,0.32206,1.02471
492,458.035,1,13.4246,19.4109,24.7119,14.1567,1.50302,0.0340567,0.256364,1.08748,0.289879,1.02662
493,451.862,1,13.4727,20.9882,25.0196,14.3911,1.57687,0.0289984,0.263756,0.920825,0.298399,0.955973
494,459.867,1,13.5163,20.2711,24.9487,14.0599,1.64953,0.0315363,0.266325,0.960778,0.286104,0.893034
495,463.368,1,13.5288,21.5773,24.6171,12.5135,1.7521,0.0290023,0.264325,0.947988,0.2777,0.88009
496,461.709,1,13.4188,23.0526,24.6777,12.331,1.75208,0.027428,0.261684,1.01444,0.290642,0.780985
497,462.87,1,13.4462,22.6655,24.65,12.556,1.64648,0.0346158,0.254654,0.967124,0.297056,0.865443
498,460.414,1,13.5849,22.0035,24.3707,12.3992,1.60948,0.0377091,0.265946,0.992348,0.282652,0.75885
499,460.308,1,13.4724,23.4875,24.2582,12.0598,1.54171,0.044243,0.261888,0.851464,0.291503,0.760826
500,457.914,2,13.4815,23.7932,24.9792,12.0176,1.54166,0.0430322,0.25032,0.775299,0.307181,0.860815
501,462.445,2,13.5167,22.3192,24.9288,11.7568,1.57328,0.0429286,0.268371,0.83092,0.284479,0.826421
502,466.756,2,13.5138,21.248,24.8992,12.1546,1.5733,0.0449716,0.262597,0.823143,0.299497,0.875827
503,468.189,2,13.5157,20.1896,25.4362,12.0638,1.41455,0.0541969,0.260068,0.853486,0.282403,0.894267
504,463.664,2,13.5114,18.703,26.1315,12.1137,1.40062,0.0512892,0.26167,0.897929,0.27437,0.893106
505,467.269,2,13.6083,18.0944,25.5269,12.6261,1.42961,0.0500763,0.262155,0.987279,0.268441,0.927574
506,463.377,2,13.5604,17.97,25.9574,12.7563,1.50952,0.0453406,0.255417,1.02062,0.259081,0.861498
507,466.392,2,13.6491,18.9709,25.6771,12.2947,1.59463,0.0414282,0.260606,1.07086,0.259342,0.848974
508,473.391,2,13.5815,17.8923,25.5884,12.893,1.65318,0.041406,0.26497,1.18415,0.244077,0.866682
509,476.991,2,13.5926,18.8866,25.4345,13.2297,1.6532,0.0437318,0.263194,1.1587,0.238096,0.968035
510,476.291,2,13.648,16.6522,25.4258,13.4491,1.59226,0.0432187,0.271405,1.24763,0.248179,0.947486
511,479.692,2,13.5239,16.359,25.0034,12.2501,1.59239,0.0483403,0.262089,1.36618,0.232211,0.829189
512,473.42,2,13.5084,18.3314,24.9168,14.0562,1.62676,0.047876,0.263931,1.2471,0.206298,0.792689
513,474.204,2,13.4694,18.9871,24.831,13.1042,1.583,0.0485037,0.260298,1.27193,0.219155,0.813566
514,476.717,2,13.494,24.1889,24.5891,12.3163,1.54835,0.050243,0.261166,1.31583,0.215509,0.862962
515,477.722,2,13.5636,24.8129,25.2569,12.1102,1.45733,0.0552929,0.251329,1.21428,0.220693,0.997343
516,479.864,2,13.5969,22.681,25.7319,12.2783,1.42498,0.053406,0.25607,1.24987,0.233999,1.13155
517,478.171,2,13.4,22.4262,26.2394,12.0509,1.35912,0.0565557,0.248443,1.10844,0.253377,1.14843
518,479.167,2,13.4947,20.6441,26.0091,11.3718,1.42428,0.0505752,0.253385,1.16797,0.280154,1.13555
519,476.706,2,13.5257,21.2961,25.5195,10.4391,1.38595,0.0499969,0.251273,1.20051,0.268584,1.21087
520,478.408,2,13.5765,22.3643,25.344,10.8268,1.41902,0.0476547,0.263759,1.232,0.28872,1.12933
521,477.499,2,13.5652,21.1523,25.0428,10.513,1.49401,0.0436968,0.261546,1.10579,0.297199,1.20053
522,482.325,2,13.5678,20.9962,25.0209,10.8856,1.45969,0.0509193,0.266319,0.95233,0.298272,1.22742
523,481.7,2,13.5606,25.0072,24.4868,11.1328,1.4107,0.0573826,0.260267,0.84437,0.281883,1.24317
524,471.701,2,13.619,24.1739,24.1294,10.4888,1.44009,0.0525162,0.256457,0.886887,0.253168,1.16623
525,478.146,2,13.4839,25.445,24.7603,10.9617,1.36015,0.0563638,0.25746,0.976887,0.270303,1.1699
526,484.667,2,13.6325,25.4794,25.1024,11.1633,1.48563,0.0510391,0.264472,1.0411,0.306693,1.11465
527,475.372,2,13.5482,25.1048,24.3957,11.6423,1.52148,0.0476845,0.258301,1.02184,0.296217,0.986228
528,471.938,2,13.6299,26.3906,24.6692,11.2394,1.49164,0.0473264,0.262848,1.03616,0.297326,0.925748
529,471.275,2,13.5838,24.9883,25.098,11.2785,1.55251,0.0456188,0.26219,0.992151,0.277743,0.926122
530,465.9,2,13.3458,22.7887,25.0814,11.9048,1.55223,0.0404065,0.255242,1.00251,0.289195,0.95929
531,467.349,2,13.3792,23.3544,24.8915,11.7985,1.57883,0.0402392,0.252846,0.960027,0.294966,0.951795
532,468.878,2,13.5457,21.4893,24.7965,12.1043,1.57882,0.0405699,0.261209,0.938122,0.313057,0.944229
533,462.986,2,13.4861,19.317,25.1985,12.2495,1.48099,0.0387294,0.258885,0.949841,0.316731,1.10614
534,468.136,2,13.5156,18.9042,25.2599,11.1852,1.55711,0.0368735,0.263301,1.01709,0.321459,0.999513
535,469.88,2,13.6753,21.5722,24.9778,10.5593,1.57984,0.0383944,0.266229,1.00948,0.305475,0.982209
536,474.063,2,13.7648,22.208,24.5523,11.1902,1.59439,0.0416225,0.271224,0.992823,0.291772,0.981188
537,467.981,2,13.5947,21.8576,25.0147,12.0371,1.57118,0.040551,0.260353,0.988427,0.295847,0.965504
538,467.632,2,13.5211,20.4787,24.6941,12.7106,1.52271,0.0427568,0.258552,1.01355,0.295277,0.937926
539,453.905,2,13.6429,22.3028,24.745,13.498,1.41905,0.0444483,0.255563,0.938431,0.268886,0.944043
540,455.242,2,13.5465,21.3451,24.9916,13.6059,1.46217,0.0427053,0.255109,0.947429,0.261087,0.898744
541,461.484,2,13.4381,21.0552,25.4419,13.6057,1.51575,0.0406538,0.258986,0.970379,0.267023,0.946368
542,459.382,2,13.4884,19.4555,25.3065,13.273,1.51574,0.0395439,0.258005,0.942924,0.28788,0.921012
543,462.354,2,13.508,20.1502,24.8113,12.8332,1.48501,0.0433042,0.255424,0.973593,0.287,0.886982
544,460.192,2,13.5349,21.1687,24.5574,13.6735,1.50318,0.0421526,0.261858,0.917022,0.290212,0.882941
545,461.393,2,13.4701,21.4367,24.7812,13.4898,1.52779,0.0416505,0.256176,0.908215,0.283056,0.910542
546,458.334,2,13.4643,22.3699,24.7915,13.5593,1.52776,0.0409197,0.258321,0.937983,0.270639,0.892556
547,460.778,2,13.5124,25.1711,24.6266,13.081,1.61143,0.0350008,0.2675,1.01233,0.262032,0.89086
548,466.329,2,13.537,25.2743,24.4975,13.7865,1.64452,0.0355764,0.273231,0.972731,0.281708,0.879449
549,461.933,2,13.515,24.4028,24.4739,12.4284,1.59448,0.0376263,0.26271,0.985384,0.290852,0.840836
550,465.897,2,13.5685,24.1798,24.3161,12.4023,1.59464,0.0446204,0.252958,0.925778,0.261224,0.865534
551,454.829,2,13.5007,23.4162,24.1991,12.2703,1.53118,0.0431195,0.257251,0.928933,0.249219,0.829724
552,456.862,2,13.5394,25.0573,24.5414,12.2393,1.49915,0.0436143,0.266796,0.92415,0.257577,0.814917
553,450.141,2,13.5156,24.6494,24.2395,12.4176,1.46191,0.0428859,0.260522,0.97836,0.245521,0.796549
554,460.246,2,13.5466,26.2458,24.0455,12.4295,1.5301,0.0453083,0.256995,0.948262,0.231724,0.816669
555,455.321,2,13.4519,24.9055,23.9283,13.3161,1.5121,0.0437248,0.256342,0.946904,0.234916,0.840643
556,460.155,2,13.5017,27.2403,23.5747,13.6729,1.5121,0.0444993,0.263487,0.949908,0.232533,0.90237
557,464.662,2,13.4789,29.4882,23.4558,13.0521,1.53408,0.0452966,0.260979,0.940007,0.237138,0.925603
558,461.216,2,13.4814,29.9265,23.476,12.7969,1.5341,0.04711,0.261805,0.847066,0.233656,0.938343
559,459.016,2,13.4954,29.1542,23.5768,11.8559,1.51324,0.0458878,0.261526,0.88944,0.219912,0.966465
560,452.789,2,13.5101,30.2576,23.8351,12.3619,1.53187,0.0419582,0.263544,0.901382,0.21194,0.943829
561,462.979,2,13.5166,27.4246,23.8981,12.7223,1.58679,0.0442566,0.265258,0.864236,0.206742,0.950231
562,459.718,2,13.5752,27.6532,24.3805,12.1651,1.56074,0.0448268,0.262479,0.915798,0.207514,0.932899
563,456.202,2,13.5985,26.6758,24.2532,11.8691,1.57077,0.0417307,0.261796,0.897577,0.21777,0.926948
564,463.191,2,13.6305,26.3123,24.2432,11.3236,1.50416,0.0481595,0.265913,0.860047,0.224836,0.924906
565,461.307,2,13.6304,27.0156,24.0884,11.2145,1.47735,0.0469723,0.272574,0.861831,0.242131,0.943451
566,454.145,2,13.6039,25.4474,24.0742,12.3461,1.47734,0.0461088,0.262745,0.857278,0.238858,0.896546
567,465.036,2,13.5753,25.1773,23.7392,12.0484,1.47597,0.0489882,0.26556,0.880165,0.234848,0.921601
568,463.674,2,13.5331,23.4684,24.2319,12.369,1.43888,0.0513016,0.26383,0.900273,0.231342,0.937462
569,458.132,2,13.5152,23.9114,23.9942,11.8862,1.56314,0.0434429,0.262964,0.862751,0.238118,0.885242
570,456.621,2,13.5877,24.042,24.2095,12.1597,1.47926,0.0445864,0.26582,0.92638,0.243097,0.887393
571,460.444,2,13.5854,25.4123,24.6014,12.6909,1.49849,0.0454039,0.258026,0.932768,0.243411,0.887255
572,469.08,2,13.592,24.5553,24.7291,12.1922,1.55186,0.0450854,0.254517,0.9823,0.258119,0.877019
573,467.776,2,13.5265,23.0268,24.8104,12.79,1.48595,0.0466434,0.25853,1.02449,0.278612,0.877481
574,457.006,2,13.5823,22.4227,24.7724,12.955,1.48591,0.0451598,0.256162,1.05517,0.260662,0.835701
575,468.918,2,13.5207,22.7726,24.3622,12.4431,1.57771,0.0415118,0.255648,1.16667,0.24341,0.874112
576,464.401,2,13.418,23.5683,24.0445,12.8287,1.56264,0.04256,0.250538,1.1463,0.2313,0.900744
577,461.693,2,13.4759,23.3645,24.0305,13.6351,1.4807,0.0447046,0.255504,1.14529,0.226916,0.940453
578,474.419,2,13.5319,24.6544,23.8156,13.1477,1.48072,0.0455608,0.261818,1.22465,0.233927,1.03364
579,478.51,2,13.474,26.0432,24.1935,13.3256,1.48079,0.0486407,0.25395,1.2361,0.239242,1.08993
580,468.862,2,13.5757,22.9871,24.2359,12.8816,1.40275,0.0513867,0.25867,1.19162,0.245604,0.993954
581,468.693,2,13.603,23.7648,24.3002,12.5064,1.4374,0.048536,0.260027,1.24547,0.238257,0.959093
582,463.013,2,13.5246,22.7734,24.143,13.4176,1.38961,0.0497242,0.256218,1.25649,0.232032,0.909995
583,474.077,2,13.4999,19.6,24.4463,13.8522,1.46041,0.0496132,0.256856,1.24305,0.224566,0.944421
584,477.042,2,13.4168,19.1706,24.5672,13.7079,1.49933,0.0484503,0.257019,1.26726,0.22534,0.99647
585,478.691,2,13.4423,20.754,24.7464,12.5932,1.53553,0.0474527,0.256616,1.24334,0.243364,0.987246
586,475.643,2,13.5428,21.6724,24.869,12.816,1.469,0.0503929,0.261237,1.22573,0.256764,0.943009
587,482.154,2,13.4963,23.653,24.6375,12.6561,1.5064,0.0528913,0.264289,1.09555,0.255974,0.953114
588,474.572,2,13.4252,24.4464,24.4743,12.2253,1.49247,0.0526623,0.25636,1.05742,0.252178,0.970258
589,478.025,2,13.4802,23.8863,24.3038,12.4127,1.53878,0.0503968,0.260652,1.11113,0.242813,0.960583
590,472.921,2,13.5265,22.3214,24.4039,12.6982,1.46891,0.051585,0.26265,1.09368,0.241323,1.01155
591,466.433,2,13.5405,22.9947,24.2735,12.6314,1.44875,0.0505908,0.262255,1.07255,0.228401,1.02867
592,459.041,2,13.5267,24.5515,24.0444,12.8566,1.42867,0.0477696,0.262625,1.09227,0.224878,0.999901
593,463.861,2,13.4602,24.1173,23.5134,12.7925,1.42868,0.0489976,0.2587,1.09922,0.219992,0.979871
594,462.872,2,13.4493,23.2598,23.3568,13.1231,1.45078,0.0460222,0.259996,1.17448,0.222133,0.957637
595,463.455,2,13.418,25.0397,23.388,13.0742,1.45077,0.0453454,0.25592,1.17537,0.226054,0.990209
596,465.259,2,13.3749,25.4771,23.367,13.1012,1.5116,0.0424158,0.253901,1.16988,0.232278,0.975945
597,463.193,2,13.4499,26.3073,23.5711,12.6816,1.48192,0.0424132,0.256633,1.19079,0.229576,1.01828
598,466.868,2,13.5296,26.1504,23.5524,13.0677,1.49388,0.0457982,0.258024,1.16616,0.216192,0.972511
599,462.359,2,13.579,25.2422,23.3595,13.1129,1.51769,0.0455447,0.258507,1.13712,0.212672,0.910429
600,471.426,2,13.5674,26.8535,23.3043,13.2349,1.54458,0.0449226,0.259698,1.20019,0.21698,0.921403
601,465.094,2,13.5173,27.6024,23.1299,13.8777,1.4649,0.0496068,0.255705,1.13208,0.216851,0.925336
602,474.624,2,13.4728,27.9243,23.2161,13.462,1.52521,0.050589,0.252366,1.14279,0.210048,0.910992
603,470.457,2,13.4872,29.3381,23.1515,12.6516,1.51194,0.0505477,0.25437,1.16077,0.209151,0.916504
604,466.862,2,13.4844,30.5395,23.2412,12.5991,1.48022,0.0516562,0.255645,1.13369,0.201028,0.936759
605,467.947,2,13.4389,30.6892,23.4363,12.5706,1.48022,0.0517763,0.258413,1.12143,0.200334,0.917477
606,470.279,2,13.446,31.3063,23.6066,12.9923,1.46332,0.0526673,0.257805,1.11995,0.1999,0.95615
607,472.264,2,13.4525,30.6826,23.5215,12.5323,1.52895,0.0502905,0.257534,1.10857,0.199589,0.960262
608,461.464,2,13.5031,32.9275,23.5164,12.2521,1.50807,0.0478194,0.257837,1.13775,0.196544,0.964165
609,464.741,2,13.4769,33.4821,23.5762,12.3248,1.49102,0.0464998,0.25684,1.13896,0.200768,1.0315
610,485.293,2,13.5027,32.0384,23.4536,12.3979,1.49414,0.0506582,0.262781,1.15274,0.210943,1.06908
611,472.865,2,13.4714,32.3103,23.3242,12.5356,1.57835,0.0468126,0.259155,1.14082,0.208993,1.02454
612,463.516,2,13.5115,32.6021,23.3574,12.6628,1.56803,0.0442442,0.256995,1.17132,0.208528,0.990296
613,463.018,2,13.5853,30.2713,23.3792,13.0326,1.53825,0.0463977,0.253306,1.11724,0.208229,0.949194
614,469.906,2,13.5278,29.6631,23.763,12.9817,1.55072,0.0469103,0.254825,1.10335,0.210419,0.948356
615,476.697,2,13.4946,29.2364,23.6587,13.0874,1.55076,0.0492435,0.257656,1.14974,0.211043,0.926737
616,472.344,2,13.5234,31.7216,23.6645,13.02,1.55076,0.0489604,0.257052,1.18499,0.203908,0.950199
617,470.579,2,13.5394,32.7038,23.5768,13.2954,1.55076,0.0497635,0.253391,1.20866,0.199572,0.926503
618,461.488,2,13.5425,32.773,23.3188,13.3999,1.5364,0.0502508,0.252005,1.14259,0.192405,0.8907
619,467.052,2,13.5426,31.7646,23.3705,13.0471,1.5015,0.052432,0.251825,1.12708,0.191444,0.888874
620,466.674,2,13.5508,31.573,23.4016,13.4729,1.52705,0.0505069,0.250844,1.1948,0.181493,0.90886
621,466.165,2,13.5555,30.9681,23.3268,13.8452,1.55395,0.0493397,0.255538,1.20766,0.172103,0.906157
622,462.715,2,13.5708,30.0647,23.3988,13.6176,1.5704,0.0475297,0.257698,1.1758,0.170644,0.913031
623,460.383,2,13.5001,29.734,23.3838,13.6195,1.54772,0.0482059,0.256257,1.11668,0.175557,0.898305
624,458.427,2,13.4822,29.8937,23.2508,13.5441,1.54832,0.0464196,0.257196,1.12883,0.174635,0.898837
625,457.861,2,13.509,30.7016,23.1205,13.5171,1.5657,0.0453457,0.257697,1.10152,0.17491,0.881001
626,454.882,2,13.5008,31.346,23.1321,13.6112,1.58607,0.0420396,0.259109,1.09179,0.181386,0.873989
627,459.926,2,13.4754,32.3128,23.0853,13.5672,1.58608,0.0423518,0.258424,1.06487,0.192365,0.864922
628,455.619,2,13.4811,29.9054,23.2319,13.2602,1.61979,0.0396638,0.261006,1.03214,0.196728,0.852301
629,452.671,2,13.5351,29.0897,23.1728,13.5184,1.61979,0.0393425,0.264102,1.00589,0.193533,0.838794
630,459.841,2,13.5255,28.4871,23.1906,13.7305,1.61979,0.0389075,0.263512,1.04514,0.195627,0.858445
631,471.465,2,13.4844,28.6679,23.1897,13.7208,1.60283,0.0423533,0.26161,1.08298,0.203758,0.872059
632,468.285,2,13.4653,29.323,22.9938,13.7015,1.58545,0.0440004,0.262511,1.10033,0.206564,0.880714
633,467.195,2,13.5085,31.4276,22.7773,13.8467,1.60811,0.0424495,0.262135,1.13683,0.209463,0.882178
634,454.417,2,13.489,30.2853,22.5918,14.5328,1.56359,0.04214,0.262819,1.14578,0.207949,0.857181
635,452.039,2,13.4511,29.6899,22.6245,14.5266,1.54135,0.0425444,0.260076,1.10532,0.202742,0.847157
636,447.125,2,13.4327,27.7451,22.6959,14.0163,1.49881,0.0421758,0.257895,1.06681,0.208933,0.850654
637,450.712,2,13.414,28.3635,22.7755,14.2179,1.49892,0.0409258,0.258823,1.03961,0.216446,0.858349
638,455.886,2,13.4625,28.6511,22.8351,13.8215,1.49897,0.0423592,0.263061,1.01698,0.21135,0.866223
639,455.404,2,13.4607,29.4269,22.7508,13.6811,1.49899,0.0431331,0.260534,1.02169,0.211148,0.855592
640,455.688,2,13.4171,29.0572,22.8987,14.0589,1.52677,0.0424968,0.261022,1.01919,0.209216,0.838922
641,452.044,2,13.4023,29.7728,23.061,14.2251,1.53997,0.0425149,0.259864,1.01467,0.204935,0.808129
642,461.631,2,13.4307,29.7696,23.038,14.3163,1.569,0.041972,0.259379,1.03282,0.201787,0.847358
643,455.726,2,13.4521,29.358,23.1396,13.9345,1.56898,0.0411267,0.25884,1.0448,0.196606,0.876425
644,454.088,2,13.4873,28.9699,23.2061,13.5356,1.58069,0.0400415,0.259001,1.04656,0.193199,0.884467
645,451.558,2,13.5338,29.3108,23.2393,13.1215,1.57234,0.0400965,0.262094,1.05503,0.189043,0.865159
646,450.294,2,13.5252,28.8122,23.3502,12.7027,1.60007,0.0384581,0.263051,1.00713,0.184287,0.886208
647,459.9,2,13.5272,29.145,23.2499,13.0909,1.63079,0.038333,0.26519,1.02033,0.184297,0.879884
648,455.902,2,13.5172,29.1522,23.1419,12.91,1.63078,0.0376561,0.263678,1.00544,0.188952,0.906202
649,453.218,2,13.5216,28.9349,23.1463,12.9056,1.60705,0.0372204,0.261711,1.02914,0.188761,0.947249
650,450.933,2,13.5311,28.7645,23.1181,12.7193,1.60702,0.0360543,0.262422,1.0091,0.189402,0.98435
651,454.028,2,13.4865,28.9757,23.1903,12.7163,1.60702,0.036364,0.258887,0.991397,0.188353,1.00815
652,455.416,2,13.4925,28.5126,23.2376,12.6687,1.58656,0.0380837,0.257282,0.974269,0.190304,1.01272
653,461.008,2,13.4919,27.5271,23.4147,12.5395,1.5973,0.0378427,0.259287,0.993849,0.197363,1.00901
654,455.267,2,13.4856,27.6154,23.5336,12.8044,1.57407,0.0390027,0.261922,0.9811,0.193912,1.02126
655,458.251,2,13.4985,28.5003,23.5288,12.9776,1.5484,0.0404837,0.26191,0.978884,0.200154,1.01415
656,463.757,2,13.5176,29.3636,23.4733,12.9557,1.56158,0.0412157,0.262351,0.996398,0.196189,1.02304
657,468.24,2,13.4996,30.7601,23.5474,12.3284,1.55005,0.0440938,0.258799,0.98267,0.196802,1.03901
658,457.992,2,13.5594,32.1987,23.3594,11.7945,1.52048,0.0448085,0.258935,0.995426,0.192958,1.04735
659,470.093,2,13.5565,33.0827,23.1633,11.86,1.52051,0.0458424,0.261814,0.989011,0.200335,1.05545
660,468.881,2,13.5112,34.8949,22.9926,12.1677,1.51065,0.0471856,0.261377,1.00184,0.202635,1.04699
661,457.097,2,13.4395,34.3249,22.9202,12.426,1.51864,0.0460723,0.257489,0.990653,0.200735,1.01882
662,460.297,2,13.4622,33.7183,22.8324,12.4007,1.53556,0.0457363,0.255975,1.00586,0.198535,0.971046
663,456.428,2,13.5223,33.6811,22.6378,12.6708,1.53556,0.0453394,0.257556,0.998508,0.19641,0.943098
664,463.728,2,13.5114,33.5675,22.721,12.4812,1.54624,0.0451913,0.255817,1.02677,0.195297,0.945418
665,454.111,2,13.5,32.9581,22.7593,12.6366,1.54623,0.0454058,0.256628,1.01812,0.18886,0.917336
666,458.203,2,13.5093,33.5585,22.7614,13.0387,1.54625,0.0459642,0.257066,1.04733,0.184102,0.886137
667,460.475,2,13.4817,33.7216,22.7411,13.4416,1.56853,0.0457901,0.256951,1.05485,0.181761,0.863332
668,459.02,2,13.4561,33.1632,22.5532,13.6348,1.56853,0.0456562,0.261117,1.04195,0.180139,0.859552
669,453.316,2,13.4882,32.6426,22.4984,13.7289,1.58902,0.0426786,0.26371,1.04041,0.181818,0.858204
670,456.405,2,13.5041,31.8284,22.3454,13.7973,1.61662,0.0411749,0.260582,1.04066,0.181252,0.859463
671,449.006,2,13.4861,31.5445,22.3587,13.775,1.61057,0.0396876,0.258613,1.02557,0.182508,0.873405
672,452.784,2,13.475,32.4088,22.3448,13.8433,1.61056,0.0395529,0.257904,1.03947,0.183463,0.858712
673,451.194,2,13.4821,33.597,22.3713,13.4506,1.61058,0.0400719,0.258184,1.01458,0.176987,0.856371
674,459.472,2,13.4886,33.5051,22.4013,13.7091,1.61803,0.0404622,0.260801,1.00118,0.177612,0.87807
675,455.629,2,13.4529,33.5711,22.3297,13.711,1.61803,0.0409147,0.259804,0.98689,0.180364,0.872024
676,465.082,2,13.4794,34.606,22.28,13.7614,1.63843,0.0421676,0.262682,0.964317,0.18132,0.864157
677,459.685,2,13.4956,34.5719,22.2974,13.7139,1.62083,0.0437723,0.26247,0.963575,0.180802,0.856892
678,460.941,2,13.5102,34.8633,22.3048,13.5361,1.64356,0.0425296,0.260332,0.967832,0.182771,0.868178
679,465.97,2,13.5092,35.2082,22.3651,13.0681,1.65141,0.0433944,0.258205,0.95691,0.183325,0.889235
680,457.203,2,13.5004,36.5442,22.3181,13.1207,1.62415,0.0442027,0.257511,0.957161,0.180772,0.901412
681,460.218,2,13.4917,36.7031,22.2493,13.2657,1.61767,0.0451136,0.256337,0.970678,0.174213,0.907478
682,463.999,2,13.4776,36.056,22.1679,13.3882,1.626,0.045557,0.256842,0.984673,0.17244,0.897818
683,459.223,2,13.481,36.0317,22.1783,13.4488,1.6178,0.0457256,0.255463,0.996423,0.173198,0.887609
684,458.174,2,13.4953,37.5673,22.0746,13.6336,1.60325,0.0455922,0.25671,1.01846,0.170362,0.897334
685,462.952,2,13.4716,38.2193,22.084,13.7061,1.60205,0.0451003,0.256707,1.06175,0.172236,0.895429
686,452.822,2,13.4651,35.8362,22.0437,13.8025,1.58183,0.0449085,0.256985,1.05806,0.174004,0.877259
687,468.025,2,13.4407,35.5723,22.0194,14.0569,1.57482,0.0472014,0.254085,1.02768,0.176436,0.892355
688,455.538,2,13.4232,35.7857,22.0046,14.1572,1.56032,0.0466916,0.253775,1.02678,0.178278,0.895666
689,463.663,2,13.4252,34.9122,22.1421,14.2158,1.55496,0.0474871,0.25278,1.04478,0.180019,0.884094
690,461.37,2,13.4451,33.5605,22.254,14.4018,1.54469,0.0473211,0.256198,1.0658,0.181961,0.881382
691,456.549,2,13.4306,32.9676,22.4268,14.3873,1.55325,0.0462321,0.256761,1.0765,0.183439,0.857414
692,457.466,2,13.4639,32.7304,22.5532,14.1755,1.53953,0.0461946,0.257107,1.08437,0.185042,0.860434
693,456.321,2,13.4643,32.4778,22.5799,14.2089,1.53845,0.0468664,0.255613,1.09397,0.178588,0.845056
694,466.166,2,13.4625,31.7838,22.6056,14.2331,1.54424,0.0483762,0.254554,1.07434,0.17858,0.84527
695,469.368,2,13.4492,31.8476,22.7511,14.0179,1.54425,0.0488341,0.253432,1.10002,0.180651,0.865273
696,473.928,2,13.4685,32.1661,22.7545,13.6005,1.55932,0.0495028,0.251155,1.08451,0.184441,0.888578
697,466.161,2,13.4801,32.7489,22.6845,13.3754,1.55932,0.0499717,0.253252,1.05228,0.186206,0.890234
698,461.128,2,13.5282,34.6497,22.5736,13.3715,1.56649,0.048977,0.259067,1.03387,0.183752,0.891888
699,461.603,2,13.5534,35.2583,22.5648,13.3836,1.56119,0.0484028,0.259709,1.02114,0.185825,0.9074
700,457.289,2,13.5364,35.3235,22.5499,13.4471,1.54726,0.0479035,0.259445,1.00585,0.186168,0.923467
701,446.903,2,13.5072,34.0209,22.7428,13.4389,1.52553,0.0474956,0.257078,0.986603,0.183683,0.920149
702,454.101,2,13.4917,33.0411,22.8545,13.5593,1.49714,0.0478403,0.257684,0.990712,0.185779,0.916701
703,460.554,2,13.5081,32.7974,22.7852,13.6786,1.50531,0.0474819,0.259012,1.01024,0.186916,0.905728
704,456.69,2,13.503,33.7276,22.6652,13.7462,1.49738,0.0474477,0.260391,1.04653,0.1833,0.895757
705,457.671,2,13.5074,34.8462,22.5236,13.7616,1.51503,0.0467746,0.260228,1.05205,0.180827,0.890533
706,457.773,2,13.5176,35.4497,22.6191,13.6177,1.51581,0.0473537,0.258154,1.04319,0.179822,0.885539
707,458.274,2,13.5426,35.5,22.6535,13.7298,1.51128,0.0480928,0.25853,1.0414,0.178422,0.877029
708,455.162,2,13.5162,35.1178,22.7037,13.8081,1.51975,0.0475021,0.258809,1.0224,0.178352,0.878761
709,458.086,2,13.5214,34.635,22.7226,13.6924,1.52965,0.0467923,0.259,1.03139,0.176105,0.892359
710,466.025,2,13.5092,34.3486,22.7583,13.7557,1.53316,0.0476017,0.257917,1.0443,0.176221,0.896859
711,463.099,2,13.4855,33.9665,22.8373,13.8914,1.53317,0.0476783,0.257597,1.05516,0.176109,0.905637
712,455.79,2,13.4968,33.5044,22.9565,13.7578,1.51895,0.0474472,0.256051,1.05452,0.177875,0.920014
713,467.015,2,13.4874,33.3136,23.0415,13.1949,1.52872,0.0468973,0.257463,1.04606,0.182777,0.946126
714,464.028,2,13.4677,33.1285,23.1141,13.0452,1.5194,0.0474009,0.255913,1.04654,0.184893,0.96155
715,462.45,2,13.4718,33.5416,23.06,13.2055,1.51939,0.0473085,0.256068,1.03967,0.187759,0.969919
716,467.074,2,13.4849,33.518,22.9986,13.1964,1.5194,0.0475587,0.257042,1.03825,0.189268,0.981175
717,469.627,2,13.5032,33.1437,22.9122,13.1074,1.52802,0.0473436,0.258084,1.04997,0.190404,0.992635
718,461.703,2,13.5432,33.3949,22.9766,12.7071,1.52838,0.0465958,0.25919,1.05128,0.193234,0.990217
719,459.323,2,13.5406,33.38,23.0525,12.6615,1.52096,0.0464194,0.259161,1.0544,0.192006,0.9923
720,465.445,2,13.513,34.0457,23.056,12.823,1.53124,0.0461249,0.258381,1.05665,0.192287,0.993753
721,462.849,2,13.4956,34.3182,22.9942,12.9838,1.52543,0.0459872,0.257224,1.0671,0.195187,0.991214
722,465.917,2,13.5052,34.3807,22.9158,13.1188,1.53789,0.0461472,0.257029,1.06487,0.195209,0.974091
723,465.091,2,13.4839,34.5994,22.8083,13.0737,1.55645,0.0457122,0.255504,1.04581,0.199393,0.958024
724,461.782,2,13.4821,34.311,22.7129,13.3541,1.55646,0.0456737,0.255314,1.03697,0.198911,0.957231
725,461.483,2,13.5046,33.7288,22.7356,13.4852,1.54391,0.0458147,0.255086,1.05784,0.198761,0.953388
726,467.494,2,13.4793,33.4289,22.78,13.559,1.55281,0.0458142,0.256087,1.06398,0.198385,0.945538
727,464.607,2,13.4795,32.9352,22.785,13.7814,1.53688,0.0468349,0.256333,1.06466,0.193188,0.964002
728,461.698,2,13.4847,32.7161,22.799,13.6413,1.54177,0.0466194,0.255463,1.06161,0.191361,0.964411
729,450.93,2,13.462,32.0569,22.792,13.5001,1.52896,0.0463236,0.255669,1.0441,0.189958,0.955825
730,451.202,2,13.471,32.2231,22.8125,13.5039,1.51569,0.0466293,0.255564,1.04878,0.183673,0.947905
731,451.802,2,13.493,32.7003,22.7326,13.5412,1.50874,0.0469515,0.256527,1.04278,0.180209,0.931182
732,445.848,2,13.4893,32.6566,22.7011,13.5914,1.49849,0.0462145,0.256373,1.03169,0.178847,0.937614
733,457.54,2,13.4942,32.4185,22.7869,13.556,1.48669,0.0471488,0.257532,1.02242,0.179278,0.931633
734,447.496,2,13.497,32.4449,22.8528,13.5472,1.47142,0.0467297,0.258651,1.023,0.179746,0.932898
735,451.992,2,13.5023,32.6455,22.906,13.7319,1.46191,0.046507,0.259102,1.0269,0.179714,0.947661
736,447.007,2,13.5106,33.2904,22.8995,13.8516,1.45169,0.0461432,0.260401,1.03175,0.180402,0.939396
737,451.514,2,13.4902,33.5928,22.8468,14.067,1.45934,0.0456024,0.260502,1.04446,0.177917,0.936127
738,446.248,2,13.4917,33.6556,22.8087,14.2101,1.47098,0.044313,0.260293,1.04976,0.177858,0.924671
739,450.825,2,13.4829,33.5415,22.7783,14.2982,1.48282,0.0441696,0.259225,1.05308,0.17811,0.898611
740,458.19,2,13.4675,32.9275,22.807,14.2859,1.48283,0.0447158,0.259386,1.05358,0.18033,0.896463
741,474.614,2,13.4374,32.6685,22.8651,14.323,1.48599,0.0459828,0.257802,1.0794,0.184485,0.897449
742,472.16,2,13.4432,32.0263,22.8912,14.3636,1.49325,0.0466895,0.258307,1.09133,0.18644,0.904823
743,466.733,2,13.4469,31.426,22.8834,14.5025,1.49325,0.0471673,0.257709,1.09217,0.190785,0.906667
744,468.354,2,13.4426,31.1208,23.0001,14.5355,1.5045,0.0465341,0.258551,1.11119,0.196111,0.902164
745,455.881,2,13.4539,30.974,23.0546,14.4428,1.50398,0.0459414,0.258601,1.10754,0.19832,0.896303
746,458.846,2,13.4562,30.3269,23.2196,14.3272,1.50936,0.0453238,0.256869,1.10538,0.203002,0.889422
747,456.469,2,13.4662,30.1213,23.2666,14.1341,1.50357,0.0453218,0.257781,1.08813,0.203968,0.893365
748,457.531,2,13.4847,29.5908,23.2866,13.954,1.50995,0.0446999,0.257697,1.08806,0.205904,0.887194
749,465.753,2,13.5046,29.0158,23.3509,13.792,1.52043,0.0449492,0.258219,1.07527,0.209558,0.876811
750,463.961,2,13.5151,28.731,23.3862,13.6937,1.53454,0.0446914,0.256616,1.05992,0.215375,0.867442
751,469.514,2,13.5184,29.194,23.3867,13.6082,1.54116,0.0450958,0.256647,1.04127,0.218312,0.877155
752,462.352,2,13.5201,29.3336,23.3989,13.4039,1.54116,0.0449167,0.256876,1.05076,0.21614,0.885748
753,460.881,2,13.5268,29.6324,23.3879,13.2684,1.54116,0.0448438,0.258469,1.05002,0.216013,0.87982
754,459.423,2,13.5374,29.845,23.3654,13.2287,1.53808,0.0453493,0.258795,1.04102,0.213746,0.871393
755,454.067,2,13.5513,29.953,23.4226,13.2924,1.52896,0.0453007,0.258743,1.03889,0.213111,0.869128
756,453.181,2,13.5523,30.3218,23.4048,13.2436,1.52896,0.0450064,0.258577,1.03487,0.210897,0.86495
757,460.727,2,13.5586,30.0116,23.3624,13.31,1.52897,0.045324,0.258673,1.02194,0.210614,0.870981
758,454.416,2,13.5438,29.8057,23.3585,13.2838,1.51942,0.0456826,0.258152,1.01677,0.205759,0.882249
759,457.27,2,13.5305,30.1472,23.3369,13.2017,1.51418,0.0456036,0.258725,1.01731,0.204485,0.891872
760,468.921,2,13.5171,30.1337,23.3429,13.1415,1.50796,0.0467366,0.258507,1.01783,0.203917,0.89739
761,454.815,2,13.5182,30.2186,23.3925,13.2874,1.49886,0.0466038,0.258553,1.01975,0.203746,0.902693
762,463.909,2,13.5321,30.4824,23.3925,13.295,1.49886,0.0466131,0.25881,1.0323,0.204202,0.909043
763,460.771,2,13.5233,30.6304,23.3353,13.2763,1.50507,0.0459503,0.259173,1.03169,0.204928,0.919364
764,471.852,2,13.527,30.3645,23.3126,13.218,1.49929,0.0469174,0.259326,1.03008,0.209715,0.915217
765,464.765,2,13.5277,30.6823,23.2758,13.1373,1.4964,0.0469712,0.258505,1.03694,0.213306,0.913762
766,470.223,2,13.5459,31.0394,23.3352,13.1208,1.51416,0.0465649,0.258974,1.0422,0.213553,0.914462
767,457.756,2,13.5602,31.5644,23.3646,13.0089,1.51415,0.0462833,0.259164,1.05383,0.211304,0.911072
768,458.506,2,13.5752,32.0283,23.3408,12.8991,1.52115,0.0459873,0.260193,1.05183,0.207778,0.906397
769,457.97,2,13.5786,31.9828,23.3522,12.8786,1.51586,0.046122,0.260205,1.04886,0.206171,0.907379
770,464.807,2,13.5806,31.6049,23.2635,12.8499,1.51585,0.0459704,0.26044,1.05582,0.207129,0.9149
771,473.024,2,13.5804,31.1648,23.2113,12.826,1.52041,0.0464271,0.261242,1.05677,0.207332,0.920187
772,473.851,2,13.5617,30.8896,23.2477,12.7128,1.52517,0.046894,0.260773,1.06426,0.207174,0.923061
773,465.606,2,13.5428,30.7171,23.23,12.6137,1.53639,0.0464832,0.259706,1.05783,0.206264,0.929835
774,470.029,2,13.5323,30.7101,23.215,12.6564,1.54719,0.0462904,0.259608,1.05357,0.20751,0.930805
775,485.707,2,13.5208,31.1564,23.143,12.5649,1.55111,0.0470581,0.260854,1.07127,0.209455,0.931293
776,475.794,2,13.5116,31.6947,23.1221,12.4608,1.55112,0.0476916,0.260179,1.06661,0.209001,0.942561
777,471.463,2,13.5097,31.994,23.0859,12.5384,1.55112,0.0478052,0.260311,1.07452,0.208245,0.946491
778,470.515,2,13.5055,32.0037,23.0488,12.4965,1.54733,0.0482452,0.258912,1.05846,0.209443,0.956025
779,465.28,2,13.5088,32.1067,23.0435,12.4761,1.54733,0.0481174,0.258943,1.04842,0.209771,0.954445
780,456.468,2,13.5126,32.4539,22.987,12.5038,1.54987,0.047441,0.259137,1.03579,0.209774,0.944947
781,456.346,2,13.517,32.1573,23.0084,12.5727,1.54018,0.047349,0.258699,1.03427,0.210293,0.935666
782,465.262,2,13.5315,32.0204,23.0486,12.6112,1.54017,0.0470847,0.259419,1.0414,0.211481,0.936777
783,474.054,2,13.5544,32.0399,23.0964,12.5167,1.54219,0.0466163,0.260074,1.07256,0.212117,0.947666
784,469.971,2,13.5443,31.6159,23.1868,12.5697,1.54219,0.0465683,0.260067,1.0833,0.212919,0.94414
785,466.013,2,13.5318,30.7717,23.2443,12.7426,1.54219,0.0463404,0.260095,1.086,0.213976,0.942106
786,470.052,2,13.5087,29.7019,23.2703,12.7939,1.54908,0.0458755,0.259741,1.10115,0.215046,0.936404
787,459.171,2,13.496,29.2641,23.2806,12.8697,1.55132,0.045557,0.259245,1.09227,0.214772,0.927641
788,459.319,2,13.5007,29.1015,23.2997,12.9346,1.54519,0.0454197,0.259699,1.08704,0.214096,0.930769
789,467.055,2,13.5005,29.0618,23.3523,12.8329,1.54541,0.0457104,0.259784,1.08118,0.213705,0.92839
790,469.704,2,13.4839,28.9778,23.3444,12.8558,1.54113,0.0461401,0.259372,1.07806,0.214562,0.929567
791,467.171,2,13.4899,28.8445,23.418,12.8641,1.537,0.0460031,0.259042,1.07685,0.216304,0.943482
792,469.453,2,13.5076,28.9144,23.4747,12.8256,1.52902,0.0464772,0.258356,1.07731,0.215945,0.956232
793,467.631,2,13.5062,28.5803,23.5468,12.7216,1.51878,0.0469781,0.257777,1.07445,0.216398,0.963805
794,468.549,2,13.5123,28.7831,23.5755,12.7205,1.51123,0.0477705,0.257724,1.07142,0.214155,0.96382
795,467.052,2,13.5178,28.672,23.5943,12.6202,1.50023,0.0484748,0.257811,1.07149,0.212252,0.965096
796,472.299,2,13.5063,29.0056,23.594,12.6153,1.50086,0.0489129,0.257416,1.07921,0.211581,0.9573
797,469.258,2,13.509,29.5329,23.5654,12.6778,1.49806,0.0491631,0.25753,1.08641,0.209944,0.959862
798,469.096,2,13.509,29.8654,23.5569,12.6857,1.48724,0.0496791,0.258005,1.09945,0.20924,0.955301
799,472.482,2,13.5105,30.0581,23.5417,12.7671,1.49516,0.0493041,0.258057,1.10906,0.210618,0.952421
800,467.544,2,13.5124,30.1892,23.568,12.7868,1.48673,0.0494304,0.25788,1.11485,0.212925,0.95088
801,470.282,2,13.5084,30.5595,23.5751,12.7439,1.48037,0.049678,0.257632,1.11179,0.216909,0.947834
802,467.675,2,13.5056,30.5633,23.5242,12.9117,1.47654,0.0499507,0.258174,1.10288,0.218513,0.941738
803,458.946,2,13.5041,30.4045,23.4239,12.967,1.46378,0.0504585,0.258455,1.0884,0.218421,0.933337
804,465.783,2,13.509,30.3067,23.3188,13.0221,1.4593,0.0508666,0.259414,1.07682,0.21999,0.922105
805,456.761,2,13.5055,30.484,23.3123,13.0459,1.45642,0.0505986,0.259352,1.06892,0.22004,0.919661
806,459.708,2,13.5083,30.2646,23.3676,12.9355,1.45377,0.0505671,0.25979,1.06157,0.219699,0.91639
807,466.084,2,13.509,29.7697,23.4265,12.8798,1.45621,0.0506068,0.259742,1.0599,0.219976,0.910888
808,469.601,2,13.5184,29.7337,23.4204,12.8812,1.4631,0.0502694,0.260328,1.06421,0.220705,0.910906
809,470.268,2,13.5139,29.7533,23.3884,12.8669,1.46672,0.0502014,0.259753,1.07369,0.221396,0.907792
810,477.723,2,13.5133,29.7647,23.3186,12.9151,1.47466,0.0502676,0.260311,1.07431,0.223179,0.905283
811,466.598,2,13.5025,29.5703,23.2898,12.8958,1.48214,0.0497112,0.260024,1.07535,0.224139,0.9041
812,464.213,2,13.4907,29.4618,23.3098,12.9585,1.48395,0.0495172,0.25915,1.08249,0.222783,0.902917
813,468.465,2,13.4946,29.159,23.3324,12.9897,1.48396,0.0498827,0.258822,1.08795,0.221194,0.896881
814,472.919,2,13.5086,28.9921,23.3678,12.9427,1.48045,0.0503222,0.25925,1.09812,0.220883,0.892018
815,464.869,2,13.5066,28.9228,23.3828,12.9795,1.4778,0.050212,0.259233,1.09731,0.220626,0.897276
816,471.749,2,13.5128,29.1069,23.3793,13.0532,1.48139,0.0499729,0.260115,1.09373,0.221852,0.904758
817,468.332,2,13.5219,29.3023,23.3681,13.0273,1.47585,0.0501891,0.260047,1.08894,0.223606,0.907681
818,461.107,2,13.5227,28.9196,23.4024,13.0485,1.47585,0.049977,0.259809,1.08082,0.224563,0.907943
819,462.04,2,13.5172,28.7693,23.4277,13.0869,1.47258,0.04995,0.259813,1.0701,0.225155,0.910704
820,458.125,2,13.5049,28.7831,23.4018,13.156,1.47182,0.0494621,0.2593,1.07149,0.225663,0.909203
821,468.134,2,13.4952,28.923,23.3823,13.1361,1.47441,0.0494056,0.259199,1.07954,0.224851,0.906034
822,463.653,2,13.4966,28.9512,23.4059,13.0571,1.47794,0.0491877,0.259142,1.08416,0.224005,0.900759
823,471.196,2,13.5058,29.1591,23.3511,13.0601,1.48203,0.0488603,0.260185,1.08236,0.227157,0.901582
824,472.688,2,13.5045,29.2339,23.321,13.0741,1.48671,0.0487689,0.260383,1.08401,0.229251,0.897403
825,458.668,2,13.501,29.1736,23.2822,13.1655,1.49404,0.0479136,0.260583,1.07761,0.230524,0.89371
826,458.061,2,13.5109,29.4388,23.2603,13.2281,1.49404,0.0477005,0.260764,1.07741,0.230578,0.888528
827,464.572,2,13.5128,29.5665,23.2752,13.2394,1.49403,0.047532,0.260853,1.07606,0.2321,0.88873
828,464.995,2,13.5078,29.5067,23.2826,13.2669,1.49653,0.0474493,0.26109,1.07436,0.231053,0.889642
829,466.551,2,13.5111,29.5459,23.2581,13.2412,1.49653,0.0474174,0.261022,1.07823,0.231139,0.888954
830,461.946,2,13.515,29.7612,23.2546,13.2272,1.49798,0.0471101,0.261194,1.07999,0.231411,0.887664
831,463.254,2,13.5135,30.308,23.2023,13.3037,1.49804,0.0468448,0.261316,1.09072,0.230945,0.88638
832,463.609,2,13.5165,30.7862,23.1343,13.4188,1.49466,0.046829,0.260855,1.09644,0.231092,0.888259
833,452.274,2,13.5147,31.0035,23.1044,13.4088,1.49465,0.0463935,0.260225,1.08996,0.231565,0.885849
834,462.33,2,13.5111,31.2099,23.061,13.4008,1.49725,0.0463863,0.259617,1.08779,0.230374,0.884676
835,467.912,2,13.5085,31.5212,23.0447,13.3876,1.49658,0.0465954,0.259511,1.09004,0.230904,0.880877
836,480.144,2,13.5014,31.6689,23.0426,13.3142,1.50667,0.0467042,0.258757,1.09141,0.233019,0.876001
837,470.546,2,13.4919,31.6598,23.0437,13.2706,1.50973,0.0468656,0.258221,1.08631,0.233962,0.873995
838,465.822,2,13.4979,31.3994,23.0434,13.2293,1.51437,0.0468169,0.258139,1.07868,0.23499,0.869155
839,462.751,2,13.49,31.2731,23.0241,13.227,1.51623,0.0467888,0.258001,1.06842,0.235497,0.867186
840,467.316,2,13.4824,31.2763,23.0146,13.2401,1.52051,0.0467295,0.257618,1.05928,0.236761,0.86697
841,470.106,2,13.4804,31.4595,23.0005,13.2604,1.52311,0.0467466,0.257489,1.05408,0.238263,0.867711
842,469.022,2,13.4876,31.6203,22.9611,13.3166,1.52665,0.0468552,0.257659,1.04581,0.239138,0.864865
843,463.583,2,13.4912,32.0008,22.9332,13.3169,1.52217,0.0469489,0.257446,1.0435,0.240609,0.86398
844,459.471,2,13.5004,31.9972,22.9587,13.3002,1.51919,0.046942,0.257689,1.04063,0.241502,0.858802
845,459.07,2,13.509,32.1077,22.9392,13.282,1.52048,0.046536,0.258362,1.03591,0.242154,0.85947
846,466.397,2,13.5068,32.0574,22.9463,13.301,1.52678,0.0461897,0.258337,1.03484,0.242048,0.861688
847,474.327,2,13.5116,31.805,22.9668,13.3636,1.53228,0.0459176,0.259079,1.03286,0.243684,0.868867
848,462.797,2,13.5164,31.6042,23.0133,13.3003,1.53075,0.045534,0.259359,1.03098,0.244915,0.878386
849,464.628,2,13.521,31.2275,23.0577,13.246,1.53378,0.0450315,0.259787,1.02978,0.246413,0.883376
850,462.228,2,13.5223,30.9975,23.106,13.267,1.52891,0.0449887,0.259363,1.03064,0.246888,0.88989
851,461.746,2,13.5208,30.7614,23.1341,13.2826,1.52557,0.0450977,0.259113,1.03214,0.245952,0.890219
852,465.359,2,13.5147,30.3653,23.1492,13.3582,1.52557,0.045182,0.258659,1.0376,0.244909,0.886922
853,468.468,2,13.5044,30.0879,23.1895,13.4144,1.52557,0.0451357,0.258232,1.04296,0.24377,0.893412
854,466.094,2,13.5042,30.0142,23.2046,13.4127,1.52264,0.0454079,0.258216,1.04841,0.242231,0.891067
855,478.878,2,13.5075,29.9942,23.2477,13.4075,1.52536,0.045746,0.258712,1.0546,0.24085,0.891115
856,462.892,2,13.511,30.0492,23.2404,13.4294,1.52536,0.0457719,0.258951,1.05121,0.240234,0.888796
857,467.596,2,13.5137,30.1815,23.2352,13.461,1.52749,0.0458229,0.25906,1.04984,0.240067,0.886763
858,465.831,2,13.5133,30.3204,23.2201,13.5089,1.53007,0.045763,0.259087,1.05073,0.240022,0.882796
859,460.475,2,13.5191,30.3743,23.2158,13.5249,1.52719,0.0458935,0.258866,1.04524,0.240944,0.878593
860,467.041,2,13.513,30.283,23.2317,13.5585,1.52898,0.0459636,0.258552,1.04152,0.241245,0.876999
861,459.842,2,13.5102,30.2167,23.2389,13.6064,1.53215,0.0457205,0.258372,1.03363,0.24198,0.875305
862,467.585,2,13.5082,30.1949,23.2326,13.6362,1.52883,0.045733,0.258317,1.03466,0.243067,0.880547
863,467.505,2,13.5087,30.172,23.2462,13.6327,1.52704,0.045789,0.258239,1.03382,0.243378,0.885334
864,462.832,2,13.5111,30.1377,23.2368,13.646,1.52823,0.0457642,0.258324,1.02693,0.243456,0.885194
865,465.98,2,13.5126,30.0487,23.254,13.5932,1.53076,0.0454803,0.258958,1.02234,0.244929,0.887629
866,471.937,2,13.51,29.8101,23.2645,13.5793,1.5346,0.0454866,0.25914,1.0246,0.245368,0.883266
867,468.515,2,13.5099,29.5975,23.2837,13.6204,1.53925,0.0454606,0.258735,1.02095,0.245511,0.881919
868,471.16,2,13.5096,29.2766,23.3537,13.5988,1.53577,0.045673,0.258843,1.01795,0.246821,0.885713
869,460.226,2,13.5103,29.0618,23.3888,13.634,1.52923,0.0456819,0.2588,1.01528,0.249047,0.885954
870,463.771,2,13.5125,29.0748,23.4175,13.5767,1.52864,0.0455272,0.258755,1.01648,0.250961,0.883066
871,467.496,2,13.5113,29.0856,23.4354,13.5699,1.52865,0.0456671,0.2586,1.01279,0.252119,0.881651
872,462.718,2,13.5134,28.9052,23.4326,13.6029,1.52936,0.0456528,0.258398,1.00822,0.252565,0.879451
873,465.375,2,13.516,28.8818,23.4467,13.6281,1.53274,0.0455968,0.258099,1.00129,0.253198,0.87856
874,465.92,2,13.507,28.9488,23.4431,13.6243,1.53556,0.0455882,0.257524,0.99732,0.253539,0.876745
875,466.686,2,13.5021,28.8485,23.4611,13.5969,1.54175,0.0453863,0.25715,0.991808,0.253786,0.876564
876,465.818,2,13.5009,28.7114,23.4805,13.5779,1.54063,0.0454661,0.257276,0.98839,0.254052,0.877726
877,464.588,2,13.5013,28.7899,23.5034,13.5029,1.54301,0.0454147,0.257275,0.985256,0.253233,0.878865
878,463.081,2,13.5029,28.6483,23.5313,13.4948,1.54148,0.0453527,0.257359,0.987275,0.253599,0.87803
879,462.647,2,13.5012,28.5305,23.5684,13.4893,1.54472,0.0449956,0.257504,0.987694,0.254195,0.877195
880,470.501,2,13.4987,28.3904,23.5962,13.5134,1.54815,0.0448598,0.257267,0.987584,0.255719,0.876677
881,458.358,2,13.4959,28.2397,23.6078,13.5567,1.54468,0.0447604,0.257385,0.989458,0.25589,0.876335
882,455.163,2,13.4925,28.0142,23.6211,13.6474,1.5409,0.0446439,0.257178,0.989399,0.255085,0.880467
883,471.078,2,13.4857,27.8565,23.6412,13.6727,1.5409,0.0446003,0.257195,0.993034,0.255144,0.886173
884,466.101,2,13.4846,27.721,23.659,13.644,1.54251,0.0443804,0.257111,0.997796,0.25429,0.891038
885,457.446,2,13.4859,27.5945,23.685,13.64,1.54087,0.0440931,0.25748,1.00075,0.253954,0.893692
886,461.562,2,13.4924,27.6062,23.7076,13.6734,1.53706,0.0442332,0.257845,0.999306,0.253956,0.893231
887,469.782,2,13.4921,27.5063,23.7273,13.657,1.53706,0.0444008,0.258042,0.997708,0.253386,0.895629
888,459.752,2,13.4896,27.4369,23.7525,13.6632,1.53524,0.044378,0.258424,0.998576,0.252834,0.894178
889,457.419,2,13.4957,27.4184,23.7602,13.5833,1.53524,0.0443995,0.258412,0.999516,0.251182,0.891403
890,455.883,2,13.4978,27.314,23.7814,13.5435,1.53286,0.0443554,0.258428,1.00185,0.250175,0.890241
891,452.917,2,13.4969,27.1865,23.7971,13.5741,1.53286,0.0442145,0.258188,1.00183,0.249596,0.886446
892,461.079,2,13.4979,27.1094,23.8226,13.5866,1.53085,0.0442534,0.258248,1.0041,0.250318,0.88201
893,473.879,2,13.499,27.1477,23.8104,13.6499,1.53373,0.0443621,0.258528,1.00798,0.249845,0.879409
894,473.67,2,13.496,27.192,23.8081,13.6729,1.53541,0.0445119,0.258998,1.01236,0.249276,0.876035
895,456.596,2,13.4945,27.1592,23.8298,13.7215,1.53441,0.0443123,0.259181,1.01686,0.249212,0.873174
896,461.818,2,13.4934,27.115,23.8227,13.715,1.53835,0.0440843,0.259036,1.01889,0.24856,0.871183
897,474.878,2,13.4943,27.12,23.8027,13.7462,1.54452,0.0440635,0.259069,1.01887,0.24784,0.871405
898,456.649,2,13.4947,27.0962,23.8117,13.746,1.54433,0.0439402,0.258895,1.0185,0.246778,0.873291
899,461.223,2,13.4918,27.1979,23.799,13.7239,1.54433,0.0438969,0.25869,1.02276,0.245789,0.87252
900,463.911,2,13.4894,27.2376,23.7935,13.7125,1.54753,0.0438365,0.258633,1.02265,0.244501,0.872276
901,462.441,2,13.4888,27.2516,23.7809,13.682,1.54607,0.0439334,0.258685,1.02398,0.242971,0.874082
902,463.539,2,13.4914,27.2293,23.7713,13.6368,1.54854,0.0439633,0.258619,1.0226,0.241584,0.873636
903,468.977,2,13.4878,27.265,23.7431,13.6551,1.54809,0.0441767,0.258536,1.02272,0.241489,0.871109
904,464.913,2,13.4845,27.2753,23.7253,13.6227,1.55267,0.0439945,0.258415,1.02039,0.241333,0.870908
905,462.774,2,13.4843,27.3772,23.6997,13.6205,1.55267,0.0440583,0.258327,1.01549,0.240935,0.87345
906,464.817,2,13.4835,27.3393,23.6842,13.6484,1.55198,0.04414,0.258403,1.01357,0.240626,0.875117
907,456.345,2,13.4853,27.3068,23.6921,13.6637,1.55101,0.0440016,0.258684,1.01358,0.240412,0.875256
908,465.995,2,13.4856,27.3954,23.681,13.662,1.5497,0.043995,0.258903,1.0153,0.241341,0.874972
909,469.115,2,13.4853,27.5356,23.6653,13.6809,1.54745,0.0441364,0.258703,1.0178,0.241865,0.875802
910,464.16,2,13.4859,27.6087,23.6755,13.6642,1.54745,0.0440914,0.259093,1.01797,0.242475,0.874871
911,469.135,2,13.4876,27.652,23.6876,13.6054,1.55047,0.0439301,0.25915,1.01865,0.243061,0.876073
912,471.201,2,13.4869,27.6225,23.7008,13.5525,1.55197,0.0439884,0.258946,1.01646,0.243468,0.877873
913,472.341,2,13.4929,27.5317,23.7296,13.5012,1.5541,0.0439948,0.259034,1.01394,0.244058,0.880113
914,482.079,2,13.49,27.4751,23.7547,13.454,1.55799,0.0441573,0.258999,1.01415,0.244073,0.879542
915,467.191,2,13.4925,27.3833,23.7886,13.4071,1.55893,0.0441666,0.259135,1.01099,0.244599,0.879376
916,461.356,2,13.4914,27.2644,23.8094,13.3868,1.55893,0.0441658,0.259203,1.00622,0.2452,0.878005
917,459.181,2,13.4942,27.2939,23.8028,13.4008,1.56049,0.0440053,0.259311,1.00644,0.24546,0.874113
918,458.316,2,13.4955,27.3289,23.7807,13.4367,1.55847,0.0439894,0.259216,1.0103,0.24549,0.870475
919,468.404,2,13.4976,27.3468,23.7724,13.4588,1.55848,0.0440912,0.259146,1.01173,0.245522,0.867909
920,458.189,2,13.4974,27.4306,23.7798,13.4385,1.55554,0.0441705,0.258894,1.01103,0.245607,0.866768
921,471.297,2,13.5013,27.433,23.7913,13.4126,1.55639,0.0442786,0.25875,1.01225,0.245122,0.867473
922,465.135,2,13.5028,27.5018,23.8072,13.3591,1.55426,0.0442782,0.258646,1.01477,0.245175,0.870347
923,461.861,2,13.5009,27.5626,23.816,13.3156,1.55557,0.044152,0.258601,1.01538,0.244363,0.872155
924,464.83,2,13.4947,27.5357,23.8287,13.2829,1.55705,0.0441256,0.258367,1.01377,0.243763,0.873834
925,461.888,2,13.4963,27.5354,23.8294,13.2671,1.55634,0.0441645,0.258309,1.01205,0.243435,0.87457
926,463.276,2,13.4954,27.4901,23.8419,13.2527,1.55443,0.0442522,0.257992,1.01113,0.243463,0.875885
927,476.624,2,13.4947,27.4651,23.8672,13.242,1.55351,0.0444841,0.257795,1.01183,0.243204,0.878452
928,468.199,2,13.4947,27.4669,23.8758,13.2295,1.55204,0.0445221,0.25794,1.01551,0.243348,0.878637
929,467.559,2,13.4958,27.4175,23.8817,13.2183,1.55097,0.0445764,0.25793,1.01941,0.243226,0.878058
930,467.242,2,13.4973,27.4225,23.8903,13.2023,1.55162,0.0445443,0.258146,1.02289,0.242801,0.877574
931,465.162,2,13.4966,27.3828,23.8875,13.1836,1.55162,0.0445469,0.258117,1.02517,0.242901,0.875702
932,464.571,2,13.5017,27.3475,23.8955,13.1464,1.55194,0.044456,0.258274,1.02596,0.243118,0.876473
933,473.638,2,13.5038,27.3371,23.9073,13.1227,1.55415,0.0444226,0.258586,1.02623,0.242878,0.878651
934,466.246,2,13.5089,27.3488,23.9144,13.0926,1.55251,0.0444673,0.25867,1.02682,0.242705,0.881302
935,456.469,2,13.5113,27.2838,23.9086,13.1081,1.55159,0.0442949,0.258789,1.02967,0.24241,0.881746
936,462.937,2,13.5107,27.2424,23.9074,13.1126,1.55171,0.0442661,0.258624,1.03227,0.24199,0.881081
937,469.083,2,13.5097,27.1956,23.9145,13.115,1.55171,0.0442679,0.258536,1.03534,0.242012,0.881971
938,464.396,2,13.5095,27.1654,23.9074,13.1233,1.55025,0.0443779,0.258366,1.03764,0.241695,0.879946
939,469.969,2,13.5088,27.1497,23.9166,13.1194,1.54728,0.0444922,0.258341,1.04051,0.242073,0.881311
940,462.123,2,13.508,27.0849,23.9174,13.1237,1.54817,0.0442234,0.258453,1.04133,0.242908,0.882453
941,467.924,2,13.5066,27.0329,23.9148,13.1271,1.54954,0.0441495,0.258465,1.03985,0.243549,0.883076
942,468.184,2,13.5112,26.9662,23.8973,13.1255,1.54954,0.0441701,0.258635,1.04051,0.244029,0.882341
943,467.962,2,13.5095,26.8745,23.8836,13.1435,1.55054,0.0440861,0.258679,1.0392,0.24509,0.882281
944,464.689,2,13.5092,26.8273,23.8862,13.153,1.54974,0.04409,0.258644,1.03883,0.245679,0.882011
945,461.791,2,13.5066,26.7476,23.8883,13.174,1.54745,0.0441852,0.258303,1.03851,0.245813,0.881679
946,468.538,2,13.5083,26.7069,23.8937,13.1966,1.54675,0.0442512,0.25829,1.04049,0.246295,0.879516
947,468.841,2,13.5101,26.5758,23.8927,13.2221,1.54602,0.0442467,0.258482,1.04126,0.246773,0.880725
948,468.64,2,13.5099,26.4865,23.8892,13.237,1.54509,0.0442594,0.258541,1.04204,0.247714,0.880151
949,469.383,2,13.5097,26.3928,23.8893,13.2153,1.54592,0.044197,0.258564,1.04144,0.248973,0.879296
950,472.109,2,13.5111,26.3476,23.8922,13.1956,1.54592,0.0441627,0.258768,1.0422,0.250056,0.879405
951,470.839,2,13.5094,26.3225,23.8974,13.1984,1.54592,0.0441208,0.258694,1.04368,0.250747,0.880835
952,469.984,2,13.5089,26.3503,23.9088,13.1869,1.54401,0.0442197,0.258612,1.04339,0.251014,0.883158
953,472.431,2,13.5066,26.3362,23.9222,13.1957,1.54217,0.0442884,0.25853,1.04404,0.251611,0.885915
954,473.768,2,13.5046,26.3203,23.9355,13.2043,1.54083,0.044338,0.258318,1.04629,0.251962,0.889175
955,472.912,2,13.5025,26.2946,23.9447,13.2083,1.54044,0.0443703,0.258377,1.04737,0.251816,0.891877
956,475.082,2,13.4999,26.3326,23.9434,13.2077,1.54157,0.0444062,0.258321,1.04744,0.251713,0.893177
957,471.312,2,13.4998,26.289,23.9379,13.2208,1.54219,0.0444772,0.25846,1.04699,0.2513,0.892912
958,466.199,2,13.4995,26.3629,23.9389,13.2114,1.54384,0.0444317,0.258456,1.04547,0.251196,0.892388
959,472.306,2,13.5012,26.4229,23.9418,13.1958,1.54331,0.0445975,0.258394,1.04469,0.250799,0.892205
960,469.813,2,13.5028,26.5204,23.9353,13.1755,1.54399,0.04464,0.258437,1.04436,0.250438,0.892152
961,459.61,2,13.5013,26.6195,23.9311,13.1676,1.54255,0.0446079,0.258334,1.0454,0.250302,0.892507
962,465.61,2,13.504,26.634,23.934,13.1591,1.54077,0.0447292,0.258368,1.04513,0.249935,0.892488
963,464.236,2,13.5053,26.5864,23.9383,13.1606,1.5404,0.0447774,0.258367,1.04601,0.24932,0.891611
964,462.651,2,13.5057,26.5755,23.9428,13.1567,1.5404,0.0447988,0.258326,1.04586,0.248686,0.891444
965,462.341,2,13.5071,26.5755,23.9419,13.1449,1.54045,0.0448266,0.258381,1.04588,0.247922,0.890636
966,458.629,2,13.5083,26.5414,23.9464,13.1226,1.54086,0.0447732,0.258393,1.04436,0.247588,0.890284
967,465.246,2,13.5083,26.5528,23.9431,13.1028,1.54086,0.0447727,0.258639,1.04417,0.247074,0.891042
968,458.782,2,13.5085,26.5647,23.9412,13.0823,1.54085,0.0447355,0.258679,1.0432,0.246649,0.891248
969,465.003,2,13.5111,26.6192,23.9373,13.061,1.5414,0.0446763,0.258827,1.04282,0.24644,0.89254
970,458.107,2,13.5091,26.6135,23.9277,13.0685,1.54056,0.0446172,0.258852,1.04266,0.246104,0.893727
971,457.674,2,13.5097,26.5127,23.9208,13.06,1.53934,0.0445991,0.258979,1.04211,0.245956,0.893449
972,459.829,2,13.5081,26.4009,23.9183,13.0781,1.53865,0.0445679,0.259087,1.04217,0.245627,0.893787
973,464.547,2,13.5082,26.3509,23.9239,13.0909,1.5382,0.0445666,0.25904,1.04258,0.245419,0.894986
974,464.399,2,13.5082,26.2863,23.9226,13.0794,1.53944,0.0444366,0.259105,1.04188,0.245598,0.896046
975,469.22,2,13.5069,26.271,23.9192,13.0963,1.54037,0.0444034,0.259083,1.04199,0.245605,0.896993
976,463.536,2,13.5082,26.2427,23.9288,13.0726,1.54145,0.044372,0.259023,1.04172,0.245103,0.897142
977,475.377,2,13.508,26.1978,23.9352,13.0543,1.54269,0.0443895,0.259171,1.04322,0.244909,0.897162
978,465.758,2,13.5083,26.2247,23.9346,13.0442,1.54269,0.0443556,0.259112,1.0443,0.244906,0.89829
979,463.87,2,13.5073,26.2478,23.9276,13.0588,1.54212,0.0443056,0.259192,1.04594,0.244614,0.899977
980,472.705,2,13.5074,26.2653,23.9176,13.058,1.54212,0.0443107,0.259138,1.04946,0.244379,0.900934
981,471.687,2,13.5093,26.3095,23.9093,13.0694,1.54213,0.0443703,0.259296,1.05033,0.244315,0.900939
982,469.892,2,13.5113,26.3343,23.8999,13.0774,1.54143,0.0444147,0.259346,1.05071,0.244087,0.902863
983,472.289,2,13.5123,26.3524,23.8858,13.0809,1.54106,0.0444815,0.25939,1.0515,0.243737,0.904144
984,467.995,2,13.5122,26.347,23.8731,13.088,1.54011,0.0445571,0.259363,1.05205,0.243432,0.904569
985,464.569,2,13.5115,26.3065,23.8739,13.0795,1.53894,0.0445595,0.259363,1.05247,0.24352,0.905717
986,458.995,2,13.5094,26.2621,23.8799,13.0646,1.53792,0.0445665,0.25932,1.05133,0.243384,0.905956
987,457.239,2,13.511,26.2349,23.8842,13.0502,1.5377,0.0444825,0.259363,1.05055,0.243269,0.906867
988,465.23,2,13.5123,26.1933,23.8918,13.0494,1.53771,0.0445083,0.259317,1.04918,0.243152,0.907057
989,468.776,2,13.5112,26.1744,23.888,13.0542,1.53813,0.0445329,0.259334,1.05033,0.243003,0.905569
990,461.938,2,13.5107,26.1629,23.8879,13.0572,1.53785,0.0445402,0.259303,1.04959,0.24297,0.904997
991,468.206,2,13.5087,26.1234,23.8908,13.0617,1.53924,0.0444817,0.259299,1.04942,0.242911,0.905387
992,464.267,2,13.5082,26.1175,23.8938,13.0811,1.53839,0.0444717,0.259281,1.05031,0.243063,0.905752
993,468.775,2,13.5071,26.0836,23.8972,13.0908,1.53903,0.044457,0.259289,1.0504,0.243321,0.90498
994,459.832,2,13.5058,26.0648,23.8987,13.0893,1.53724,0.0445029,0.259292,1.05016,0.243342,0.904509
995,467.231,2,13.5069,26.0322,23.8928,13.0976,1.53756,0.0445256,0.259344,1.04924,0.243305,0.90425
996,456.999,2,13.5068,26.0083,23.89,13.1077,1.53677,0.0445061,0.259334,1.04818,0.243201,0.904601
997,465.461,2,13.5082,25.9906,23.8877,13.1074,1.53631,0.0445915,0.259287,1.0475,0.242815,0.904073
998,475.734,2,13.5091,25.9752,23.8863,13.1022,1.53758,0.0446574,0.259305,1.04738,0.242292,0.904213
999,458.814,2,13.5105,25.9459,23.8893,13.097,1.53736,0.0446626,0.259336,1.04769,0.241806,0.903262
1000,469.014,2,13.5118,25.9514,23.8973,13.0756,1.53852,0.0446452,0.259379,1.04781,0.241532,0.903345
1001,462.355,2,13.5117,25.9493,23.8986,13.0769,1.53852,0.0446426,0.259373,1.04775,0.241547,0.903244
