rep,id,eta_Cl,eta_V1,eta_Q,eta_V2
1,1,-0.173843476481021,6.01484373419225e-8,0.756528181273531,0.88961064313204
2,1,-0.164502155049753,7.70156360907492e-8,0.774989366110861,0.955561259947064
3,1,-0.126064649252104,-1.08719384606104e-8,1.23624291627304,0.76247551956186
4,1,-0.183470604526748,2.85959562695837e-8,1.15504463406859,0.909580480207232
1,2,-0.100084328424237,8.02071062899756e-8,1.49298482925784,-0.938078975340451
2,2,-0.158418961538269,2.98547937482851e-8,-0.485344148661072,-0.803262420964966
3,2,-0.10147737969504,7.15256129879549e-8,0.0369103603769858,-0.764085751035712
4,2,-0.0504325942248953,7.31742968440585e-8,1.07183891821438,-0.754105778220844
1,3,-0.173522867604907,5.19739051796364e-8,1.00114096784109,1.15443817182915
2,3,-0.180478195923911,2.40049637945106e-8,0.792397843739743,0.878670201486837
3,3,-0.161529543983764,-1.33833084170476e-7,0.949473641001481,0.893725678849743
4,3,-0.183145876956252,-7.77578259558709e-8,0.685987585714781,0.875099842259206
1,4,0.193144648695545,2.12670263621817e-8,-1.35175918391195,-0.843695494484365
2,4,0.204359324788588,-2.76176104208048e-8,-1.02370819527832,-0.567042471243004
3,4,0.21186759529704,-9.24874665741982e-9,-0.517198002144852,-0.73803247027623
4,4,0.138520270588518,8.66196714355283e-9,-0.949183633521349,-0.955083795655105
1,5,0.183104442946025,-1.68450400295228e-8,-0.805589360350771,-0.702875782210015
2,5,0.19075038786572,-3.35046967947505e-9,-0.444506377912925,-0.317227068562834
3,5,0.0859471268777057,5.99901537334802e-8,-1.0760558505239,-1.04762717069038
4,5,0.175227200770696,4.48450254708632e-9,-0.908641922562765,-0.772773848666
1,6,0.278153981169178,-1.74313597778308e-7,-0.108131601208996,0.841448017506877
2,6,0.303201413805295,2.03430285949935e-8,0.0732071482300301,0.59461161489861
3,6,0.342245452170021,1.07067195109778e-8,0.350320176004693,0.45010870752545
4,6,0.311802369118115,6.17217699172556e-9,-0.325494345622928,0.491617058370574
1,7,-0.169423793532459,4.8135717634068e-10,1.4098883198234,0.995456802574756
2,7,-0.227751606817788,-1.43629184101712e-8,1.2229373542253,0.813436024568539
3,7,-0.20097964308612,1.69159464213919e-8,1.04856885159886,0.848179377852904
4,7,-0.207860069887236,-1.10763256344626e-8,1.11302508439572,0.970134290809201
1,8,-0.172678119194312,-1.08678000376727e-7,1.58310783652533,0.909975747327607
2,8,-0.189244449681307,-1.18177094776684e-8,1.17171711714783,0.521066908986148
3,8,-0.212580059044519,-7.30432132556302e-8,1.4005641571032,0.96281080199197
4,8,-0.286170783081968,4.02445201608259e-8,0.872431857385162,0.928146657897413
1,9,-0.0183164508431521,1.49896153267548e-8,-2.0447290140082,0.162637902406107
2,9,0.0709858766265201,-7.38250003351482e-8,-1.55790950628492,-1.24639126923598
3,9,0.0119386410075242,6.20163249642758e-8,-1.93055596859381,-0.979900469650349
4,9,-0.0209942644101848,3.18916342223474e-8,-1.93186956139426,-0.588927943760436
1,10,-0.227995102494958,-1.3329579662269e-8,-3.56260311047868,-1.00527656529363
2,10,-0.3365514239651,4.33727618265323e-8,-3.74138198386332,-0.776745119770195
3,10,-0.352190311046571,7.98716701666535e-8,-3.37157084598581,1.06714651167874
4,10,-0.305777629797993,1.04520064603264e-7,-3.14480048066212,0.224629341520417
1,11,0.168415737552664,5.65111473171953e-8,-0.386435168617115,-0.461490205243473
2,11,0.208032466937019,-4.80931028334908e-8,0.557881372328966,-0.661904456437921
3,11,0.213667401531593,3.19528505876576e-8,0.555643679955378,-0.329422818677235
4,11,0.284097875623032,-4.33691242918144e-8,2.12966595039498,-0.473181830796474
1,12,0.283286216498247,6.90285566484761e-8,2.19613020416756,-0.26355468205853
2,12,0.331521976355672,-1.01692333220882e-7,0.291113541331883,-0.387044216019984
3,12,0.259623278373338,-1.05932415284116e-7,0.146771895466611,-0.448711907311194
4,12,0.299186976422294,2.99640725565098e-8,0.0978463856163114,-0.134842968637929
1,13,0.0548865561411058,4.25779256296721e-8,-0.45369982542095,0.469358926289842
2,13,0.0877056942167651,8.85926545457494e-8,-0.459033054501217,1.14565632922096
3,13,0.106815959349321,1.10559065458204e-7,-0.251395705228984,0.487846188742489
4,13,0.110058425994339,-3.78214526364218e-8,0.00850169459786665,0.566854883744619
1,14,-0.242218611412432,-3.43769457344933e-10,-0.00282062462458477,-0.957072532161672
2,14,-0.284579766466916,9.15688382896462e-8,1.25728166235765,-0.82561816186989
3,14,-0.245636188350423,-4.98942900328814e-8,0.0358139481632729,-0.88533337014012
4,14,-0.278445220278307,-9.56050172362666e-8,0.672163418525459,-1.19305747360722
1,15,0.0724612339838715,8.44976146829879e-8,-0.437876908538866,0.852229197705206
2,15,0.122775053832424,-1.59739954597171e-8,-0.0156658599879647,0.326208960632188
3,15,0.0746147264648109,-2.31930492589072e-8,-0.29674275585656,0.277981365875004
4,15,0.103868707674831,-5.58493695734796e-10,-0.274040554699653,0.327451318917493
