rep,id,eta_Cl,eta_V1,eta_Q,eta_V2
1,12,0.282291287050869,0.230368913715364,-0.628097758615851,-0.280092952549052
2,12,0.343580886262784,0.31597162471915,-1.9150050308344,0.424894739977206
3,12,0.308571279768036,0.29937995371981,-1.41213955976081,1.0164584352972
4,12,0.313691228560268,0.262689286167235,-0.824541475853607,-0.61186549196616
5,12,0.32740979160418,0.298530885196068,-2.04554720421458,-0.215619034944023
6,12,0.340090609083556,0.312876835449742,-1.82194742433345,0.163261758839279
1,1,0.0419101174575687,-0.736055358237473,0.529548939130534,0.0867708871980652
2,1,-0.0687641677257211,-0.58043533371662,0.398128654928624,0.267759983949452
3,1,-0.0337588898074626,-0.573503104754136,0.428766336741078,-0.029207989818461
4,1,-0.035197601528385,-0.506604535059976,0.359310087538284,0.343129635356034
5,1,-0.109339298719334,-1.00743979641614,0.800346254498743,0.197480750726258
6,1,-0.075921583438662,-0.597629305304714,0.390555679651202,0.310279345176678
1,8,-0.794149164061526,-1.54307664254581,2.56287986319378,-0.343770768820544
2,8,-0.768932362651329,-0.332980591141105,-0.468685796308728,-2.56502085311327
3,8,-0.790249924574447,-0.453931231134124,-0.0303465007191486,-1.49276916024025
4,8,-0.765516361234672,-0.760001114665156,1.62664938447138,-0.98676662448931
5,8,-0.791912414052893,-0.949314337014132,1.67011215615398,-0.748101256008556
6,8,-0.742568453704123,-0.609698599267496,1.83722630839994,-1.35230432746984
1,7,-0.175638648290474,0.870415846610039,1.56311702739339,0.732767033957418
2,7,-0.167587172226219,0.945460711011932,1.21458017637412,0.170599098383687
3,7,-0.173917401473018,1.15412295482526,0.358048612062988,0.983380710268888
4,7,-0.180865343881885,1.0247384992932,1.18873724851938,0.910659468689525
5,7,-0.184370694515166,1.07112267268371,0.87411010957633,0.774852992647891
6,7,-0.178650672676326,1.13703679691806,0.462141278095856,0.452466251765521
1,13,0.175425413026117,0.695933383457404,1.45119781897158,0.965453298389126
2,13,0.123098393848876,0.557743571046743,1.77773773992971,1.29817320007353
3,13,0.121258159344052,0.752221585013849,1.6914944889675,1.14483553672592
4,13,0.185608054280215,0.814202394277651,1.44999498581806,1.17036281142819
5,13,0.093804370279309,-0.819857700405549,1.95133980483223,1.37664099105891
6,13,0.151757176709367,0.9123446249458,1.19704681159522,1.22306556152681
1,10,0.558305651585055,0.644676434513616,-0.190810896227403,0.318095705992004
2,10,0.657246034966737,0.584328379924505,0.288831541682683,-0.21101229500033
3,10,0.616029362011126,0.396952921952133,1.37511272875246,-0.158970025989708
4,10,0.630778073814874,0.583142225465286,0.236570687102131,-0.563760323445596
5,10,0.644123008415579,0.692528900676694,-0.814866505483863,0.406125600598887
6,10,0.619673005463652,0.542402242663783,0.991428974956614,-0.546266675708031
1,9,-0.156030687250987,-0.534867792613141,0.464004813299349,-0.570367041295242
2,9,-0.180361119923831,-1.17540175192276,0.987003918965157,-0.1384906876577
3,9,-0.168450786704022,-0.744557433466874,0.853108005989342,-0.281904441227274
4,9,-0.167479797889534,-0.556221235810624,0.461079377578641,-0.134178026543036
5,9,-0.0902261279149226,-0.521496499511299,0.472570151093945,-0.450559941029081
6,9,-0.125121842062081,-0.432160887800951,0.164465185260199,-0.608426723187244
1,15,-0.0467221507625699,-0.230073300666043,0.390118478519929,-0.824561450959203
2,15,-0.0540851900572714,-0.116677115172257,-0.205758605893159,-1.17044038740218
3,15,-0.0456891674891593,-0.409120842839628,0.905046951700167,-0.565114474584215
4,15,-0.0957167527644431,-1.10445158203564,1.5423978717839,-0.0813607961319405
5,15,-0.0802759318817654,-0.929036955666438,1.47706952029555,-0.189036638179298
6,15,-0.0702682419663208,-1.10235471378763,1.42032831091785,-0.117182751208551
1,5,0.0853393921642809,0.130509120837426,-0.497507878915824,0.918579282532924
2,5,0.106570689512548,0.17005223843189,-1.04467342156629,0.268107956136477
3,5,0.0859722570769725,0.0550426169629668,-0.393750429814316,0.0682225293844634
4,5,0.0805503488528645,0.113737726550294,-0.485381852621375,1.032207187667
5,5,0.12600402412159,0.100209361539083,-0.608139162151648,0.446008877293381
6,5,0.101034790157408,0.0537590537467638,-0.314819078873837,-0.00987334569154497
