rep,ID,time,prediction_iwRes,iwRes_simulated,iwRes_simulated_simBlq,censored,split,color,filter
1,1,81.417,0.712275,-0.0582298,-0.0582298,0,All,#4682B4,0
2,1,81.417,0.712305,-0.0626005,-0.0626005,0,All,#4682B4,0
3,1,81.417,0.712203,-0.0479476,-0.0479476,0,All,#4682B4,0
4,1,81.417,0.712484,-0.0883421,-0.0883421,0,All,#4682B4,0
5,1,81.417,0.712253,-0.0551522,-0.0551522,0,All,#4682B4,0
6,1,81.417,0.712601,-0.105095,-0.105095,0,All,#4682B4,0
7,1,81.417,0.712386,-0.0741957,-0.0741957,0,All,#4682B4,0
8,1,81.417,0.712205,-0.0482231,-0.0482231,0,All,#4682B4,0
9,1,81.417,0.712504,-0.0912208,-0.0912208,0,All,#4682B4,0
10,1,81.417,0.712382,-0.0737022,-0.0737022,0,All,#4682B4,0
1,1,81.833,0.711448,-0.533474,-0.533474,0,All,#4682B4,0
2,1,81.833,0.711397,-0.526221,-0.526221,0,All,#4682B4,0
3,1,81.833,0.711498,-0.540663,-0.540663,0,All,#4682B4,0
4,1,81.833,0.711432,-0.531234,-0.531234,0,All,#4682B4,0
5,1,81.833,0.711403,-0.527093,-0.527093,0,All,#4682B4,0
6,1,81.833,0.711546,-0.547566,-0.547566,0,All,#4682B4,0
7,1,81.833,0.711363,-0.521322,-0.521322,0,All,#4682B4,0
8,1,81.833,0.711481,-0.538274,-0.538274,0,All,#4682B4,0
9,1,81.833,0.711403,-0.527062,-0.527062,0,All,#4682B4,0
10,1,81.833,0.711398,-0.526349,-0.526349,0,All,#4682B4,0
1,1,82.833,0.708568,-1.39837,-1.39837,0,All,#4682B4,0
2,1,82.833,0.708501,-1.38874,-1.38874,0,All,#4682B4,0
3,1,82.833,0.708666,-1.41248,-1.41248,0,All,#4682B4,0
4,1,82.833,0.708305,-1.36047,-1.36047,0,All,#4682B4,0
5,1,82.833,0.708537,-1.3939,-1.3939,0,All,#4682B4,0
6,1,82.833,0.707852,-1.29547,-1.29547,0,All,#4682B4,0
7,1,82.833,0.70838,-1.37129,-1.37129,0,All,#4682B4,0
8,1,82.833,0.708635,-1.4079,-1.4079,0,All,#4682B4,0
9,1,82.833,0.708178,-1.34232,-1.34232,0,All,#4682B4,0
10,1,82.833,0.708435,-1.37926,-1.37926,0,All,#4682B4,0
1,1,84.333,0.697954,-1.37119,-1.37119,0,All,#4682B4,0
2,1,84.333,0.697978,-1.37462,-1.37462,0,All,#4682B4,0
3,1,84.333,0.698206,-1.40745,-1.40745,0,All,#4682B4,0
4,1,84.333,0.697386,-1.28954,-1.28954,0,All,#4682B4,0
5,1,84.333,0.698118,-1.39479,-1.39479,0,All,#4682B4,0
6,1,84.333,0.696489,-1.16059,-1.16059,0,All,#4682B4,0
7,1,84.333,0.697879,-1.36033,-1.36033,0,All,#4682B4,0
8,1,84.333,0.698122,-1.39533,-1.39533,0,All,#4682B4,0
9,1,84.333,0.697427,-1.29539,-1.29539,0,All,#4682B4,0
10,1,84.333,0.697766,-1.34415,-1.34415,0,All,#4682B4,0
1,1,86.333,0.648097,3.86793,3.86793,0,All,#4682B4,0
2,1,86.333,0.649339,3.68945,3.68945,0,All,#4682B4,0
3,1,86.333,0.648966,3.74298,3.74298,0,All,#4682B4,0
4,1,86.333,0.646888,4.04176,4.04176,0,All,#4682B4,0
5,1,86.333,0.650104,3.57942,3.57942,0,All,#4682B4,0
6,1,86.333,0.649355,3.68707,3.68707,0,All,#4682B4,0
7,1,86.333,0.650224,3.56216,3.56216,0,All,#4682B4,0
8,1,86.333,0.648661,3.7868,3.7868,0,All,#4682B4,0
9,1,86.333,0.649288,3.69669,3.69669,0,All,#4682B4,0
10,1,86.333,0.648359,3.83021,3.83021,0,All,#4682B4,0
1,1,87.833,0.525224,0.011005,0.011005,0,All,#4682B4,0
2,1,87.833,0.531186,-0.846046,-0.846046,0,All,#4682B4,0
3,1,87.833,0.527379,-0.29872,-0.29872,0,All,#4682B4,0
4,1,87.833,0.524079,0.17557,0.17557,0,All,#4682B4,0
5,1,87.833,0.53378,-1.21891,-1.21891,0,All,#4682B4,0
6,1,87.833,0.543435,-2.60696,-2.60696,0,All,#4682B4,0
7,1,87.833,0.536345,-1.58765,-1.58765,0,All,#4682B4,0
8,1,87.833,0.526587,-0.184922,-0.184922,0,All,#4682B4,0
9,1,87.833,0.535455,-1.45979,-1.45979,0,All,#4682B4,0
10,1,87.833,0.52814,-0.408136,-0.408136,0,All,#4682B4,0
1,2,64.417,0.71278,-0.0516518,-0.0516518,0,All,#4682B4,0
2,2,64.417,0.712644,-0.0320538,-0.0320538,0,All,#4682B4,0
3,2,64.417,0.712802,-0.0546958,-0.0546958,0,All,#4682B4,0
4,2,64.417,0.71281,-0.0559689,-0.0559689,0,All,#4682B4,0
5,2,64.417,0.712792,-0.0532923,-0.0532923,0,All,#4682B4,0
6,2,64.417,0.712799,-0.0543959,-0.0543959,0,All,#4682B4,0
7,2,64.417,0.712793,-0.053408,-0.053408,0,All,#4682B4,0
8,2,64.417,0.712788,-0.052751,-0.052751,0,All,#4682B4,0
9,2,64.417,0.712785,-0.0523055,-0.0523055,0,All,#4682B4,0
10,2,64.417,0.712775,-0.0508286,-0.0508286,0,All,#4682B4,0
1,2,64.833,0.712105,-0.191954,-0.191954,0,All,#4682B4,0
2,2,64.833,0.711982,-0.174352,-0.174352,0,All,#4682B4,0
3,2,64.833,0.712087,-0.189434,-0.189434,0,All,#4682B4,0
4,2,64.833,0.712106,-0.192159,-0.192159,0,All,#4682B4,0
5,2,64.833,0.712106,-0.19217,-0.19217,0,All,#4682B4,0
6,2,64.833,0.712096,-0.190694,-0.190694,0,All,#4682B4,0
7,2,64.833,0.71209,-0.189817,-0.189817,0,All,#4682B4,0
8,2,64.833,0.712111,-0.192809,-0.192809,0,All,#4682B4,0
9,2,64.833,0.712085,-0.189137,-0.189137,0,All,#4682B4,0
10,2,64.833,0.712084,-0.188899,-0.188899,0,All,#4682B4,0
1,2,65.833,0.708993,-0.524803,-0.524803,0,All,#4682B4,0
2,2,65.833,0.709129,-0.544276,-0.544276,0,All,#4682B4,0
3,2,65.833,0.708686,-0.480618,-0.480618,0,All,#4682B4,0
4,2,65.833,0.708763,-0.491645,-0.491645,0,All,#4682B4,0
5,2,65.833,0.708918,-0.514015,-0.514015,0,All,#4682B4,0
6,2,65.833,0.708769,-0.492508,-0.492508,0,All,#4682B4,0
7,2,65.833,0.708851,-0.504399,-0.504399,0,All,#4682B4,0
8,2,65.833,0.708969,-0.521293,-0.521293,0,All,#4682B4,0
9,2,65.833,0.708805,-0.49773,-0.49773,0,All,#4682B4,0
10,2,65.833,0.708858,-0.505317,-0.505317,0,All,#4682B4,0
1,2,67.333,0.694716,-0.709126,-0.709126,0,All,#4682B4,0
2,2,67.333,0.69701,-1.03894,-1.03894,0,All,#4682B4,0
3,2,67.333,0.692573,-0.401132,-0.401132,0,All,#4682B4,0
4,2,67.333,0.692895,-0.447442,-0.447442,0,All,#4682B4,0
5,2,67.333,0.694182,-0.632351,-0.632351,0,All,#4682B4,0
6,2,67.333,0.693018,-0.465058,-0.465058,0,All,#4682B4,0
7,2,67.333,0.694637,-0.6978,-0.6978,0,All,#4682B4,0
8,2,67.333,0.694259,-0.643455,-0.643455,0,All,#4682B4,0
9,2,67.333,0.693511,-0.535999,-0.535999,0,All,#4682B4,0
10,2,67.333,0.693614,-0.55074,-0.55074,0,All,#4682B4,0
1,2,69.333,0.612825,0.308471,0.308471,0,All,#4682B4,0
2,2,69.333,0.62769,-1.82845,-1.82845,0,All,#4682B4,0
3,2,69.333,0.607133,1.1268,1.1268,0,All,#4682B4,0
4,2,69.333,0.60602,1.28683,1.28683,0,All,#4682B4,0
5,2,69.333,0.61248,0.358092,0.358092,0,All,#4682B4,0
6,2,69.333,0.605546,1.35491,1.35491,0,All,#4682B4,0
7,2,69.333,0.624298,-1.34081,-1.34081,0,All,#4682B4,0
8,2,69.333,0.604759,1.4681,1.4681,0,All,#4682B4,0
9,2,69.333,0.609963,0.719968,0.719968,0,All,#4682B4,0
10,2,69.333,0.600441,2.08873,2.08873,0,All,#4682B4,0
1,2,71.833,0.182141,21.526,-0.964487,1,All,#4682B4,0
2,2,71.833,0.0647989,38.3948,0.0550053,1,All,#4682B4,0
3,2,71.833,0.324327,1.08586,0.610508,1,All,#4682B4,0
4,2,71.833,0.285521,6.66451,0.466474,1,All,#4682B4,0
5,2,71.833,0.254662,11.1006,1.21787,1,All,#4682B4,0
6,2,71.833,0.262841,9.92488,0.245864,1,All,#4682B4,0
7,2,71.833,0.293406,5.53089,0.631513,1,All,#4682B4,0
8,2,71.833,0.0518561,40.2554,1.16387,1,All,#4682B4,0
9,2,71.833,0.281518,7.24001,-1.43063,1,All,#4682B4,0
10,2,71.833,0.0445606,41.3042,-0.433251,1,All,#4682B4,0
1,3,168.417,0.712757,-0.173183,-0.173183,0,All,#4682B4,0
2,3,168.417,0.712772,-0.175344,-0.175344,0,All,#4682B4,0
3,3,168.417,0.71278,-0.176476,-0.176476,0,All,#4682B4,0
4,3,168.417,0.712757,-0.173121,-0.173121,0,All,#4682B4,0
5,3,168.417,0.712815,-0.181556,-0.181556,0,All,#4682B4,0
6,3,168.417,0.712803,-0.179755,-0.179755,0,All,#4682B4,0
7,3,168.417,0.712781,-0.176628,-0.176628,0,All,#4682B4,0
8,3,168.417,0.712788,-0.177626,-0.177626,0,All,#4682B4,0
9,3,168.417,0.712809,-0.180706,-0.180706,0,All,#4682B4,0
10,3,168.417,0.712791,-0.17804,-0.17804,0,All,#4682B4,0
1,3,168.833,0.711996,-0.246789,-0.246789,0,All,#4682B4,0
2,3,168.833,0.712018,-0.249902,-0.249902,0,All,#4682B4,0
3,3,168.833,0.71202,-0.250219,-0.250219,0,All,#4682B4,0
4,3,168.833,0.712006,-0.248196,-0.248196,0,All,#4682B4,0
5,3,168.833,0.712054,-0.255063,-0.255063,0,All,#4682B4,0
6,3,168.833,0.712041,-0.253221,-0.253221,0,All,#4682B4,0
7,3,168.833,0.712004,-0.247819,-0.247819,0,All,#4682B4,0
8,3,168.833,0.71201,-0.248684,-0.248684,0,All,#4682B4,0
9,3,168.833,0.712046,-0.253963,-0.253963,0,All,#4682B4,0
10,3,168.833,0.712031,-0.25176,-0.25176,0,All,#4682B4,0
1,3,169.5,0.709952,-0.4173,-0.4173,0,All,#4682B4,0
2,3,169.5,0.709989,-0.422552,-0.422552,0,All,#4682B4,0
3,3,169.5,0.709969,-0.41967,-0.41967,0,All,#4682B4,0
4,3,169.5,0.710004,-0.424743,-0.424743,0,All,#4682B4,0
5,3,169.5,0.709978,-0.42096,-0.42096,0,All,#4682B4,0
6,3,169.5,0.709972,-0.420164,-0.420164,0,All,#4682B4,0
7,3,169.5,0.709879,-0.40679,-0.40679,0,All,#4682B4,0
8,3,169.5,0.70988,-0.406976,-0.406976,0,All,#4682B4,0
9,3,169.5,0.709967,-0.41946,-0.41946,0,All,#4682B4,0
10,3,169.5,0.70997,-0.41987,-0.41987,0,All,#4682B4,0
1,3,171.333,0.691927,0.139162,0.139162,0,All,#4682B4,0
2,3,171.333,0.691939,0.137438,0.137438,0,All,#4682B4,0
3,3,171.333,0.691783,0.159818,0.159818,0,All,#4682B4,0
4,3,171.333,0.692612,0.0406402,0.0406402,0,All,#4682B4,0
5,3,171.333,0.691267,0.234004,0.234004,0,All,#4682B4,0
6,3,171.333,0.691507,0.199467,0.199467,0,All,#4682B4,0
7,3,171.333,0.690479,0.347193,0.347193,0,All,#4682B4,0
8,3,171.333,0.690563,0.335243,0.335243,0,All,#4682B4,0
9,3,171.333,0.691311,0.22772,0.22772,0,All,#4682B4,0
10,3,171.333,0.691446,0.208287,0.208287,0,All,#4682B4,0
1,3,173.333,0.624652,-1.08019,-1.08019,0,All,#4682B4,0
2,3,173.333,0.622591,-0.783993,-0.783993,0,All,#4682B4,0
3,3,173.333,0.624827,-1.10541,-1.10541,0,All,#4682B4,0
4,3,173.333,0.625964,-1.26884,-1.26884,0,All,#4682B4,0
5,3,173.333,0.621842,-0.676298,-0.676298,0,All,#4682B4,0
6,3,173.333,0.62364,-0.934673,-0.934673,0,All,#4682B4,0
7,3,173.333,0.617878,-0.106443,-0.106443,0,All,#4682B4,0
8,3,173.333,0.620879,-0.537893,-0.537893,0,All,#4682B4,0
9,3,173.333,0.62319,-0.870061,-0.870061,0,All,#4682B4,0
10,3,173.333,0.62188,-0.681707,-0.681707,0,All,#4682B4,0
1,3,175.167,0.531102,-0.355753,-0.355753,0,All,#4682B4,0
2,3,175.167,0.521409,1.03767,1.03767,0,All,#4682B4,0
3,3,175.167,0.533557,-0.708688,-0.708688,0,All,#4682B4,0
4,3,175.167,0.517597,1.58564,1.58564,0,All,#4682B4,0
5,3,175.167,0.523526,0.733347,0.733347,0,All,#4682B4,0
6,3,175.167,0.527774,0.122703,0.122703,0,All,#4682B4,0
7,3,175.167,0.523949,0.672529,0.672529,0,All,#4682B4,0
8,3,175.167,0.535579,-0.999294,-0.999294,0,All,#4682B4,0
9,3,175.167,0.53021,-0.227541,-0.227541,0,All,#4682B4,0
10,3,175.167,0.526823,0.259396,0.259396,0,All,#4682B4,0
1,4,128.583,0.712432,-0.030032,-0.030032,0,All,#4682B4,0
2,4,128.583,0.71222,0.000398362,0.000398362,0,All,#4682B4,0
3,4,128.583,0.712307,-0.0120417,-0.0120417,0,All,#4682B4,0
4,4,128.583,0.712127,0.013763,0.013763,0,All,#4682B4,0
5,4,128.583,0.711646,0.0829186,0.0829186,0,All,#4682B4,0
6,4,128.583,0.711724,0.0717305,0.0717305,0,All,#4682B4,0
7,4,128.583,0.712122,0.0145861,0.0145861,0,All,#4682B4,0
8,4,128.583,0.711559,0.0955119,0.0955119,0,All,#4682B4,0
9,4,128.583,0.711539,0.0984019,0.0984019,0,All,#4682B4,0
10,4,128.583,0.712484,-0.0375564,-0.0375564,0,All,#4682B4,0
1,4,129,0.711241,-0.0486192,-0.0486192,0,All,#4682B4,0
2,4,129,0.710891,0.00175662,0.00175662,0,All,#4682B4,0
3,4,129,0.71093,-0.00388021,-0.00388021,0,All,#4682B4,0
4,4,129,0.710789,0.0163109,0.0163109,0,All,#4682B4,0
5,4,129,0.710871,0.00454694,0.00454694,0,All,#4682B4,0
6,4,129,0.710757,0.0210127,0.0210127,0,All,#4682B4,0
7,4,129,0.71073,0.0249314,0.0249314,0,All,#4682B4,0
8,4,129,0.710875,0.00397284,0.00397284,0,All,#4682B4,0
9,4,129,0.710858,0.00644412,0.00644412,0,All,#4682B4,0
10,4,129,0.711353,-0.0647627,-0.0647627,0,All,#4682B4,0
1,4,130,0.707129,0.251004,0.251004,0,All,#4682B4,0
2,4,130,0.707661,0.174575,0.174575,0,All,#4682B4,0
3,4,130,0.707238,0.235354,0.235354,0,All,#4682B4,0
4,4,130,0.707783,0.157104,0.157104,0,All,#4682B4,0
5,4,130,0.708393,0.0693219,0.0693219,0,All,#4682B4,0
6,4,130,0.70825,0.0899695,0.0899695,0,All,#4682B4,0
7,4,130,0.707731,0.164512,0.164512,0,All,#4682B4,0
8,4,130,0.708457,0.0600795,0.0600795,0,All,#4682B4,0
9,4,130,0.708459,0.0598743,0.0598743,0,All,#4682B4,0
10,4,130,0.707191,0.242093,0.242093,0,All,#4682B4,0
1,4,131.5,0.697555,0.597619,0.597619,0,All,#4682B4,0
2,4,131.5,0.699592,0.304789,0.304789,0,All,#4682B4,0
3,4,131.5,0.699098,0.375796,0.375796,0,All,#4682B4,0
4,4,131.5,0.699977,0.249419,0.249419,0,All,#4682B4,0
5,4,131.5,0.700927,0.112838,0.112838,0,All,#4682B4,0
6,4,131.5,0.700831,0.126673,0.126673,0,All,#4682B4,0
7,4,131.5,0.700021,0.243042,0.243042,0,All,#4682B4,0
8,4,131.5,0.701265,0.0642749,0.0642749,0,All,#4682B4,0
9,4,131.5,0.70137,0.0490732,0.0490732,0,All,#4682B4,0
10,4,131.5,0.696863,0.697032,0.697032,0,All,#4682B4,0
1,4,133.5,0.67081,0.0933955,0.0933955,0,All,#4682B4,0
2,4,133.5,0.672377,-0.131898,-0.131898,0,All,#4682B4,0
3,4,133.5,0.674105,-0.380394,-0.380394,0,All,#4682B4,0
4,4,133.5,0.673542,-0.299468,-0.299468,0,All,#4682B4,0
5,4,133.5,0.674501,-0.437225,-0.437225,0,All,#4682B4,0
6,4,133.5,0.675107,-0.524409,-0.524409,0,All,#4682B4,0
7,4,133.5,0.674222,-0.397211,-0.397211,0,All,#4682B4,0
8,4,133.5,0.676257,-0.689636,-0.689636,0,All,#4682B4,0
9,4,133.5,0.676961,-0.790919,-0.790919,0,All,#4682B4,0
10,4,133.5,0.667977,0.500659,0.500659,0,All,#4682B4,0
1,4,135.833,0.58535,-0.538692,-0.538692,0,All,#4682B4,0
2,4,135.833,0.572,1.3804,1.3804,0,All,#4682B4,0
3,4,135.833,0.589564,-1.14456,-1.14456,0,All,#4682B4,0
4,4,135.833,0.576197,0.777052,0.777052,0,All,#4682B4,0
5,4,135.833,0.572189,1.35323,1.35323,0,All,#4682B4,0
6,4,135.833,0.577987,0.519846,0.519846,0,All,#4682B4,0
7,4,135.833,0.580657,0.136008,0.136008,0,All,#4682B4,0
8,4,135.833,0.581519,0.012066,0.012066,0,All,#4682B4,0
9,4,135.833,0.585572,-0.570565,-0.570565,0,All,#4682B4,0
10,4,135.833,0.575672,0.852646,0.852646,0,All,#4682B4,0
1,5,88.583,0.712621,0.0221766,0.0221766,0,All,#4682B4,0
2,5,88.583,0.712637,0.019944,0.019944,0,All,#4682B4,0
3,5,88.583,0.712632,0.0205381,0.0205381,0,All,#4682B4,0
4,5,88.583,0.712627,0.0213497,0.0213497,0,All,#4682B4,0
5,5,88.583,0.712638,0.0197648,0.0197648,0,All,#4682B4,0
6,5,88.583,0.712643,0.0189674,0.0189674,0,All,#4682B4,0
7,5,88.583,0.712592,0.0263888,0.0263888,0,All,#4682B4,0
8,5,88.583,0.712687,0.012691,0.012691,0,All,#4682B4,0
9,5,88.583,0.712653,0.0176356,0.0176356,0,All,#4682B4,0
10,5,88.583,0.712638,0.0197423,0.0197423,0,All,#4682B4,0
1,5,89,0.711467,0.0374471,0.0374471,0,All,#4682B4,0
2,5,89,0.711578,0.0214394,0.0214394,0,All,#4682B4,0
3,5,89,0.71152,0.0298528,0.0298528,0,All,#4682B4,0
4,5,89,0.71149,0.0340798,0.0340798,0,All,#4682B4,0
5,5,89,0.71157,0.0225696,0.0225696,0,All,#4682B4,0
6,5,89,0.711672,0.00800977,0.00800977,0,All,#4682B4,0
7,5,89,0.711499,0.032805,0.032805,0,All,#4682B4,0
8,5,89,0.711679,0.00699607,0.00699607,0,All,#4682B4,0
9,5,89,0.711608,0.0172411,0.0172411,0,All,#4682B4,0
10,5,89,0.711604,0.0176934,0.0176934,0,All,#4682B4,0
1,5,90,0.705974,0.344082,0.344082,0,All,#4682B4,0
2,5,90,0.706621,0.251036,0.251036,0,All,#4682B4,0
3,5,90,0.705974,0.344067,0.344067,0,All,#4682B4,0
4,5,90,0.705839,0.363531,0.363531,0,All,#4682B4,0
5,5,90,0.706314,0.295173,0.295173,0,All,#4682B4,0
6,5,90,0.707114,0.180256,0.180256,0,All,#4682B4,0
7,5,90,0.706603,0.253625,0.253625,0,All,#4682B4,0
8,5,90,0.706849,0.218346,0.218346,0,All,#4682B4,0
9,5,90,0.706577,0.257498,0.257498,0,All,#4682B4,0
10,5,90,0.70684,0.219553,0.219553,0,All,#4682B4,0
1,5,91.5,0.692115,1.17136,1.17136,0,All,#4682B4,0
2,5,91.5,0.692872,1.06251,1.06251,0,All,#4682B4,0
3,5,91.5,0.689095,1.6055,1.6055,0,All,#4682B4,0
4,5,91.5,0.689327,1.57219,1.57219,0,All,#4682B4,0
5,5,91.5,0.689803,1.50381,1.50381,0,All,#4682B4,0
6,5,91.5,0.692723,1.08392,1.08392,0,All,#4682B4,0
7,5,91.5,0.694301,0.857108,0.857108,0,All,#4682B4,0
8,5,91.5,0.692084,1.17585,1.17585,0,All,#4682B4,0
9,5,91.5,0.691525,1.2562,1.2562,0,All,#4682B4,0
10,5,91.5,0.693511,0.97076,0.97076,0,All,#4682B4,0
1,5,93.5,0.679543,-2.90431,-2.90431,0,All,#4682B4,0
2,5,93.5,0.67675,-2.50274,-2.50274,0,All,#4682B4,0
3,5,93.5,0.670749,-1.64015,-1.64015,0,All,#4682B4,0
4,5,93.5,0.672667,-1.91577,-1.91577,0,All,#4682B4,0
5,5,93.5,0.669926,-1.52177,-1.52177,0,All,#4682B4,0
6,5,93.5,0.671625,-1.76596,-1.76596,0,All,#4682B4,0
7,5,93.5,0.679124,-2.84408,-2.84408,0,All,#4682B4,0
8,5,93.5,0.672627,-1.9101,-1.9101,0,All,#4682B4,0
9,5,93.5,0.673624,-2.05333,-2.05333,0,All,#4682B4,0
10,5,93.5,0.675753,-2.3594,-2.3594,0,All,#4682B4,0
1,5,95.833,0.672501,0.962838,0.962838,0,All,#4682B4,0
2,5,95.833,0.665448,1.97665,1.97665,0,All,#4682B4,0
3,5,95.833,0.663079,2.31723,2.31723,0,All,#4682B4,0
4,5,95.833,0.665758,1.93212,1.93212,0,All,#4682B4,0
5,5,95.833,0.660924,2.62703,2.62703,0,All,#4682B4,0
6,5,95.833,0.657583,3.10733,3.10733,0,All,#4682B4,0
7,5,95.833,0.663622,2.23925,2.23925,0,All,#4682B4,0
8,5,95.833,0.659781,2.79141,2.79141,0,All,#4682B4,0
9,5,95.833,0.664043,2.17876,2.17876,0,All,#4682B4,0
10,5,95.833,0.659686,2.80508,2.80508,0,All,#4682B4,0
1,6,64.583,0.710352,0.174672,0.174672,0,All,#4682B4,0
2,6,64.583,0.712411,-0.121244,-0.121244,0,All,#4682B4,0
3,6,64.583,0.711047,0.0748465,0.0748465,0,All,#4682B4,0
4,6,64.583,0.710989,0.0831383,0.0831383,0,All,#4682B4,0
5,6,64.583,0.71056,0.144804,0.144804,0,All,#4682B4,0
6,6,64.583,0.711956,-0.0558262,-0.0558262,0,All,#4682B4,0
7,6,64.583,0.711824,-0.0369184,-0.0369184,0,All,#4682B4,0
8,6,64.583,0.71106,0.0729273,0.0729273,0,All,#4682B4,0
9,6,64.583,0.712344,-0.111665,-0.111665,0,All,#4682B4,0
10,6,64.583,0.711394,0.0249213,0.0249213,0,All,#4682B4,0
1,6,65,0.70953,0.170987,0.170987,0,All,#4682B4,0
2,6,65,0.710855,-0.0195913,-0.0195913,0,All,#4682B4,0
3,6,65,0.709289,0.205594,0.205594,0,All,#4682B4,0
4,6,65,0.708781,0.278616,0.278616,0,All,#4682B4,0
5,6,65,0.709136,0.22756,0.22756,0,All,#4682B4,0
6,6,65,0.709818,0.129548,0.129548,0,All,#4682B4,0
7,6,65,0.709667,0.151233,0.151233,0,All,#4682B4,0
8,6,65,0.709227,0.214558,0.214558,0,All,#4682B4,0
9,6,65,0.710663,0.00805611,0.00805611,0,All,#4682B4,0
10,6,65,0.709173,0.222216,0.222216,0,All,#4682B4,0
1,6,66,0.707007,0.102375,0.102375,0,All,#4682B4,0
2,6,66,0.704076,0.523732,0.523732,0,All,#4682B4,0
3,6,66,0.706523,0.171939,0.171939,0,All,#4682B4,0
4,6,66,0.705981,0.249919,0.249919,0,All,#4682B4,0
5,6,66,0.706574,0.164692,0.164692,0,All,#4682B4,0
6,6,66,0.70498,0.393747,0.393747,0,All,#4682B4,0
7,6,66,0.705555,0.311094,0.311094,0,All,#4682B4,0
8,6,66,0.706442,0.183567,0.183567,0,All,#4682B4,0
9,6,66,0.703724,0.574432,0.574432,0,All,#4682B4,0
10,6,66,0.705985,0.24933,0.24933,0,All,#4682B4,0
1,6,67.5,0.700506,-1.32888,-1.32888,0,All,#4682B4,0
2,6,67.5,0.690325,0.134833,0.134833,0,All,#4682B4,0
3,6,67.5,0.699611,-1.20013,-1.20013,0,All,#4682B4,0
4,6,67.5,0.699751,-1.2203,-1.2203,0,All,#4682B4,0
5,6,67.5,0.700201,-1.28495,-1.28495,0,All,#4682B4,0
6,6,67.5,0.697181,-0.850846,-0.850846,0,All,#4682B4,0
7,6,67.5,0.697931,-0.958597,-0.958597,0,All,#4682B4,0
8,6,67.5,0.699628,-1.20261,-1.20261,0,All,#4682B4,0
9,6,67.5,0.691446,-0.0263247,-0.0263247,0,All,#4682B4,0
10,6,67.5,0.699114,-1.12872,-1.12872,0,All,#4682B4,0
1,6,69.5,0.682015,-0.40085,-0.40085,0,All,#4682B4,0
2,6,69.5,0.669645,1.37749,1.37749,0,All,#4682B4,0
3,6,69.5,0.679982,-0.108602,-0.108602,0,All,#4682B4,0
4,6,69.5,0.683636,-0.633795,-0.633795,0,All,#4682B4,0
5,6,69.5,0.682842,-0.51973,-0.51973,0,All,#4682B4,0
6,6,69.5,0.677727,0.215635,0.215635,0,All,#4682B4,0
7,6,69.5,0.677169,0.295909,0.295909,0,All,#4682B4,0
8,6,69.5,0.680547,-0.189776,-0.189776,0,All,#4682B4,0
9,6,69.5,0.673748,0.78759,0.78759,0,All,#4682B4,0
10,6,69.5,0.680423,-0.171895,-0.171895,0,All,#4682B4,0
1,6,71.833,0.627206,0.673037,0.673037,0,All,#4682B4,0
2,6,71.833,0.631069,0.117735,0.117735,0,All,#4682B4,0
3,6,71.833,0.621923,1.43251,1.43251,0,All,#4682B4,0
4,6,71.833,0.641102,-1.32469,-1.32469,0,All,#4682B4,0
5,6,71.833,0.634047,-0.310497,-0.310497,0,All,#4682B4,0
6,6,71.833,0.625728,0.885458,0.885458,0,All,#4682B4,0
7,6,71.833,0.617751,2.03223,2.03223,0,All,#4682B4,0
8,6,71.833,0.625062,0.981173,0.981173,0,All,#4682B4,0
9,6,71.833,0.640699,-1.26674,-1.26674,0,All,#4682B4,0
10,6,71.833,0.627892,0.57432,0.57432,0,All,#4682B4,0
1,7,64.333,0.709353,0.292438,0.292438,0,All,#4682B4,0
2,7,64.333,0.711459,-0.0102929,-0.0102929,0,All,#4682B4,0
3,7,64.333,0.71294,-0.223203,-0.223203,0,All,#4682B4,0
4,7,64.333,0.71248,-0.157021,-0.157021,0,All,#4682B4,0
5,7,64.333,0.712758,-0.196998,-0.196998,0,All,#4682B4,0
6,7,64.333,0.711115,0.0392317,0.0392317,0,All,#4682B4,0
7,7,64.333,0.708275,0.447496,0.447496,0,All,#4682B4,0
8,7,64.333,0.712678,-0.185537,-0.185537,0,All,#4682B4,0
9,7,64.333,0.711134,0.0364231,0.0364231,0,All,#4682B4,0
10,7,64.333,0.708491,0.416341,0.416341,0,All,#4682B4,0
1,7,64.75,0.707575,0.468395,0.468395,0,All,#4682B4,0
2,7,64.75,0.711034,-0.0289455,-0.0289455,0,All,#4682B4,0
3,7,64.75,0.711907,-0.154404,-0.154404,0,All,#4682B4,0
4,7,64.75,0.710083,0.107763,0.107763,0,All,#4682B4,0
5,7,64.75,0.711522,-0.0990555,-0.0990555,0,All,#4682B4,0
6,7,64.75,0.708137,0.387606,0.387606,0,All,#4682B4,0
7,7,64.75,0.708041,0.40138,0.40138,0,All,#4682B4,0
8,7,64.75,0.710993,-0.0230034,-0.0230034,0,All,#4682B4,0
9,7,64.75,0.708841,0.286272,0.286272,0,All,#4682B4,0
10,7,64.75,0.706991,0.552317,0.552317,0,All,#4682B4,0
1,7,65.75,0.707004,0.363643,0.363643,0,All,#4682B4,0
2,7,65.75,0.709736,-0.0291403,-0.0291403,0,All,#4682B4,0
3,7,65.75,0.707745,0.257094,0.257094,0,All,#4682B4,0
4,7,65.75,0.70687,0.382887,0.382887,0,All,#4682B4,0
5,7,65.75,0.708541,0.142609,0.142609,0,All,#4682B4,0
6,7,65.75,0.707246,0.328875,0.328875,0,All,#4682B4,0
7,7,65.75,0.707446,0.300108,0.300108,0,All,#4682B4,0
8,7,65.75,0.707625,0.274379,0.274379,0,All,#4682B4,0
9,7,65.75,0.707881,0.237554,0.237554,0,All,#4682B4,0
10,7,65.75,0.706513,0.434153,0.434153,0,All,#4682B4,0
1,7,67.25,0.706062,0.329647,0.329647,0,All,#4682B4,0
2,7,67.25,0.706755,0.23001,0.23001,0,All,#4682B4,0
3,7,67.25,0.701568,0.975688,0.975688,0,All,#4682B4,0
4,7,67.25,0.705103,0.467486,0.467486,0,All,#4682B4,0
5,7,67.25,0.704919,0.493984,0.493984,0,All,#4682B4,0
6,7,67.25,0.706029,0.334377,0.334377,0,All,#4682B4,0
7,7,67.25,0.706445,0.274593,0.274593,0,All,#4682B4,0
8,7,67.25,0.704912,0.494937,0.494937,0,All,#4682B4,0
9,7,67.25,0.706296,0.296056,0.296056,0,All,#4682B4,0
10,7,67.25,0.705739,0.376091,0.376091,0,All,#4682B4,0
1,7,69.25,0.704615,0.263018,0.263018,0,All,#4682B4,0
2,7,69.25,0.699542,0.992226,0.992226,0,All,#4682B4,0
3,7,69.25,0.697358,1.30622,1.30622,0,All,#4682B4,0
4,7,69.25,0.702454,0.573715,0.573715,0,All,#4682B4,0
5,7,69.25,0.69828,1.17371,1.17371,0,All,#4682B4,0
6,7,69.25,0.704075,0.340653,0.340653,0,All,#4682B4,0
7,7,69.25,0.70488,0.22491,0.22491,0,All,#4682B4,0
8,7,69.25,0.700686,0.827817,0.827817,0,All,#4682B4,0
9,7,69.25,0.703556,0.415173,0.415173,0,All,#4682B4,0
10,7,69.25,0.704586,0.267197,0.267197,0,All,#4682B4,0
1,7,69.833,0.704147,-0.0234066,-0.0234066,0,All,#4682B4,0
2,7,69.833,0.696353,1.09704,1.09704,0,All,#4682B4,0
3,7,69.833,0.696383,1.09272,1.09272,0,All,#4682B4,0
4,7,69.833,0.701547,0.350369,0.350369,0,All,#4682B4,0
5,7,69.833,0.695602,1.20497,1.20497,0,All,#4682B4,0
6,7,69.833,0.703422,0.0807373,0.0807373,0,All,#4682B4,0
7,7,69.833,0.704367,-0.0551131,-0.0551131,0,All,#4682B4,0
8,7,69.833,0.699136,0.696987,0.696987,0,All,#4682B4,0
9,7,69.833,0.702594,0.199882,0.199882,0,All,#4682B4,0
10,7,69.833,0.704221,-0.0340897,-0.0340897,0,All,#4682B4,0
1,8,31.833,0.712139,0.0383656,0.0383656,0,All,#4682B4,0
2,8,31.833,0.712198,0.0298517,0.0298517,0,All,#4682B4,0
3,8,31.833,0.712121,0.0408807,0.0408807,0,All,#4682B4,0
4,8,31.833,0.712059,0.0498354,0.0498354,0,All,#4682B4,0
5,8,31.833,0.712133,0.0391922,0.0391922,0,All,#4682B4,0
6,8,31.833,0.712082,0.0465108,0.0465108,0,All,#4682B4,0
7,8,31.833,0.712023,0.055075,0.055075,0,All,#4682B4,0
8,8,31.833,0.712549,-0.020612,-0.020612,0,All,#4682B4,0
9,8,31.833,0.712231,0.025162,0.025162,0,All,#4682B4,0
10,8,31.833,0.712039,0.0526716,0.0526716,0,All,#4682B4,0
1,8,32.25,0.711563,0.0521174,0.0521174,0,All,#4682B4,0
2,8,32.25,0.711496,0.0617421,0.0617421,0,All,#4682B4,0
3,8,32.25,0.711561,0.0524362,0.0524362,0,All,#4682B4,0
4,8,32.25,0.711504,0.0605518,0.0605518,0,All,#4682B4,0
5,8,32.25,0.711426,0.0718039,0.0718039,0,All,#4682B4,0
6,8,32.25,0.711445,0.0689723,0.0689723,0,All,#4682B4,0
7,8,32.25,0.711436,0.0703667,0.0703667,0,All,#4682B4,0
8,8,32.25,0.711632,0.0422031,0.0422031,0,All,#4682B4,0
9,8,32.25,0.711446,0.0688877,0.0688877,0,All,#4682B4,0
10,8,32.25,0.711479,0.0641441,0.0641441,0,All,#4682B4,0
1,8,33.25,0.709558,0.152875,0.152875,0,All,#4682B4,0
2,8,33.25,0.709467,0.165983,0.165983,0,All,#4682B4,0
3,8,33.25,0.709568,0.151408,0.151408,0,All,#4682B4,0
4,8,33.25,0.709544,0.154932,0.154932,0,All,#4682B4,0
5,8,33.25,0.709427,0.171689,0.171689,0,All,#4682B4,0
6,8,33.25,0.709464,0.166325,0.166325,0,All,#4682B4,0
7,8,33.25,0.709479,0.164261,0.164261,0,All,#4682B4,0
8,8,33.25,0.708978,0.236188,0.236188,0,All,#4682B4,0
9,8,33.25,0.709395,0.176373,0.176373,0,All,#4682B4,0
10,8,33.25,0.70952,0.158367,0.158367,0,All,#4682B4,0
1,8,34.75,0.70347,0.384203,0.384203,0,All,#4682B4,0
2,8,34.75,0.703376,0.397614,0.397614,0,All,#4682B4,0
3,8,34.75,0.703541,0.37394,0.37394,0,All,#4682B4,0
4,8,34.75,0.703731,0.346691,0.346691,0,All,#4682B4,0
5,8,34.75,0.703553,0.372273,0.372273,0,All,#4682B4,0
6,8,34.75,0.703625,0.361889,0.361889,0,All,#4682B4,0
7,8,34.75,0.703756,0.343057,0.343057,0,All,#4682B4,0
8,8,34.75,0.702354,0.544573,0.544573,0,All,#4682B4,0
9,8,34.75,0.703376,0.397667,0.397667,0,All,#4682B4,0
10,8,34.75,0.70374,0.3454,0.3454,0,All,#4682B4,0
1,8,36.75,0.68168,1.63737,1.63737,0,All,#4682B4,0
2,8,36.75,0.681857,1.61197,1.61197,0,All,#4682B4,0
3,8,36.75,0.682088,1.57881,1.57881,0,All,#4682B4,0
4,8,36.75,0.68361,1.35994,1.35994,0,All,#4682B4,0
5,8,36.75,0.683406,1.38928,1.38928,0,All,#4682B4,0
6,8,36.75,0.683575,1.36504,1.36504,0,All,#4682B4,0
7,8,36.75,0.684329,1.25658,1.25658,0,All,#4682B4,0
8,8,36.75,0.680622,1.78945,1.78945,0,All,#4682B4,0
9,8,36.75,0.682493,1.52058,1.52058,0,All,#4682B4,0
10,8,36.75,0.683876,1.32179,1.32179,0,All,#4682B4,0
1,8,39.083,0.596172,1.29132,1.29132,0,All,#4682B4,0
2,8,39.083,0.598718,0.925354,0.925354,0,All,#4682B4,0
3,8,39.083,0.598454,0.963257,0.963257,0,All,#4682B4,0
4,8,39.083,0.607807,-0.381175,-0.381175,0,All,#4682B4,0
5,8,39.083,0.608352,-0.459572,-0.459572,0,All,#4682B4,0
6,8,39.083,0.608773,-0.520153,-0.520153,0,All,#4682B4,0
7,8,39.083,0.612856,-1.10711,-1.10711,0,All,#4682B4,0
8,8,39.083,0.601703,0.496304,0.496304,0,All,#4682B4,0
9,8,39.083,0.603574,0.227219,0.227219,0,All,#4682B4,0
10,8,39.083,0.609688,-0.651639,-0.651639,0,All,#4682B4,0
1,9,120.583,0.712622,-0.154955,-0.154955,0,All,#4682B4,0
2,9,120.583,0.712656,-0.159841,-0.159841,0,All,#4682B4,0
3,9,120.583,0.712649,-0.158763,-0.158763,0,All,#4682B4,0
4,9,120.583,0.712685,-0.163937,-0.163937,0,All,#4682B4,0
5,9,120.583,0.712672,-0.162076,-0.162076,0,All,#4682B4,0
6,9,120.583,0.712665,-0.161112,-0.161112,0,All,#4682B4,0
7,9,120.583,0.712628,-0.155852,-0.155852,0,All,#4682B4,0
8,9,120.583,0.712665,-0.161139,-0.161139,0,All,#4682B4,0
9,9,120.583,0.712659,-0.160205,-0.160205,0,All,#4682B4,0
10,9,120.583,0.712689,-0.164648,-0.164648,0,All,#4682B4,0
1,9,121,0.711767,-0.432183,-0.432183,0,All,#4682B4,0
2,9,121,0.711843,-0.443031,-0.443031,0,All,#4682B4,0
3,9,121,0.71176,-0.431215,-0.431215,0,All,#4682B4,0
4,9,121,0.711867,-0.446578,-0.446578,0,All,#4682B4,0
5,9,121,0.711844,-0.443165,-0.443165,0,All,#4682B4,0
6,9,121,0.711809,-0.438176,-0.438176,0,All,#4682B4,0
7,9,121,0.711827,-0.440726,-0.440726,0,All,#4682B4,0
8,9,121,0.711864,-0.446052,-0.446052,0,All,#4682B4,0
9,9,121,0.711858,-0.445302,-0.445302,0,All,#4682B4,0
10,9,121,0.711923,-0.454559,-0.454559,0,All,#4682B4,0
1,9,122,0.707545,-0.372297,-0.372297,0,All,#4682B4,0
2,9,122,0.707867,-0.418644,-0.418644,0,All,#4682B4,0
3,9,122,0.70725,-0.329904,-0.329904,0,All,#4682B4,0
4,9,122,0.707828,-0.412963,-0.412963,0,All,#4682B4,0
5,9,122,0.707759,-0.403044,-0.403044,0,All,#4682B4,0
6,9,122,0.707518,-0.368417,-0.368417,0,All,#4682B4,0
7,9,122,0.707988,-0.435976,-0.435976,0,All,#4682B4,0
8,9,122,0.707973,-0.4338,-0.4338,0,All,#4682B4,0
9,9,122,0.707988,-0.436009,-0.436009,0,All,#4682B4,0
10,9,122,0.708264,-0.475628,-0.475628,0,All,#4682B4,0
1,9,123.5,0.686278,0.526775,0.526775,0,All,#4682B4,0
2,9,123.5,0.687679,0.325381,0.325381,0,All,#4682B4,0
3,9,123.5,0.684039,0.848671,0.848671,0,All,#4682B4,0
4,9,123.5,0.6871,0.408682,0.408682,0,All,#4682B4,0
5,9,123.5,0.687227,0.390371,0.390371,0,All,#4682B4,0
6,9,123.5,0.685573,0.628191,0.628191,0,All,#4682B4,0
7,9,123.5,0.689234,0.101843,0.101843,0,All,#4682B4,0
8,9,123.5,0.688489,0.20894,0.20894,0,All,#4682B4,0
9,9,123.5,0.688746,0.171939,0.171939,0,All,#4682B4,0
10,9,123.5,0.690388,-0.0640802,-0.0640802,0,All,#4682B4,0
1,9,125.5,0.568263,-0.353903,-0.353903,0,All,#4682B4,0
2,9,125.5,0.559523,0.902595,0.902595,0,All,#4682B4,0
3,9,125.5,0.566477,-0.0970333,-0.0970333,0,All,#4682B4,0
4,9,125.5,0.559667,0.881947,0.881947,0,All,#4682B4,0
5,9,125.5,0.573474,-1.10301,-1.10301,0,All,#4682B4,0
6,9,125.5,0.567132,-0.191327,-0.191327,0,All,#4682B4,0
7,9,125.5,0.57758,-1.69322,-1.69322,0,All,#4682B4,0
8,9,125.5,0.568462,-0.382528,-0.382528,0,All,#4682B4,0
9,9,125.5,0.571694,-0.847105,-0.847105,0,All,#4682B4,0
10,9,125.5,0.580002,-2.04144,-2.04144,0,All,#4682B4,0
1,9,127.833,0.236982,13.6422,0.803058,1,All,#4682B4,0
2,9,127.833,-0.00299135,48.1401,0.521108,1,All,#4682B4,0
3,9,127.833,0.32786,0.577958,0.555839,1,All,#4682B4,0
4,9,127.833,0.0866358,35.2556,-0.0192892,1,All,#4682B4,0
5,9,127.833,0.252173,11.4584,0.93126,1,All,#4682B4,0
6,9,127.833,0.275507,8.10405,-1.12542,1,All,#4682B4,0
7,9,127.833,0.126716,29.4938,1.03739,1,All,#4682B4,0
8,9,127.833,0.0703756,37.5931,-0.670234,1,All,#4682B4,0
9,9,127.833,0.0945749,34.1143,0.675959,1,All,#4682B4,0
10,9,127.833,0.0362286,42.5019,-0.304888,1,All,#4682B4,0
1,10,80.583,0.712538,-0.225977,-0.225977,0,All,#4682B4,0
2,10,80.583,0.712557,-0.228609,-0.228609,0,All,#4682B4,0
3,10,80.583,0.712499,-0.220338,-0.220338,0,All,#4682B4,0
4,10,80.583,0.71252,-0.223266,-0.223266,0,All,#4682B4,0
5,10,80.583,0.712503,-0.220818,-0.220818,0,All,#4682B4,0
6,10,80.583,0.712502,-0.220704,-0.220704,0,All,#4682B4,0
7,10,80.583,0.712439,-0.21171,-0.21171,0,All,#4682B4,0
8,10,80.583,0.71255,-0.227692,-0.227692,0,All,#4682B4,0
9,10,80.583,0.7125,-0.220445,-0.220445,0,All,#4682B4,0
10,10,80.583,0.712497,-0.220085,-0.220085,0,All,#4682B4,0
1,10,81,0.71126,-0.271354,-0.271354,0,All,#4682B4,0
2,10,81,0.711314,-0.279139,-0.279139,0,All,#4682B4,0
3,10,81,0.711218,-0.26535,-0.26535,0,All,#4682B4,0
4,10,81,0.711232,-0.267424,-0.267424,0,All,#4682B4,0
5,10,81,0.711224,-0.266194,-0.266194,0,All,#4682B4,0
6,10,81,0.711186,-0.260813,-0.260813,0,All,#4682B4,0
7,10,81,0.710998,-0.233742,-0.233742,0,All,#4682B4,0
8,10,81,0.7113,-0.277089,-0.277089,0,All,#4682B4,0
9,10,81,0.711289,-0.27551,-0.27551,0,All,#4682B4,0
10,10,81,0.711189,-0.261181,-0.261181,0,All,#4682B4,0
1,10,82,0.703641,-0.0223315,-0.0223315,0,All,#4682B4,0
2,10,82,0.703996,-0.0734646,-0.0734646,0,All,#4682B4,0
3,10,82,0.703711,-0.0324778,-0.0324778,0,All,#4682B4,0
4,10,82,0.703616,-0.0187082,-0.0187082,0,All,#4682B4,0
5,10,82,0.703724,-0.0342298,-0.0342298,0,All,#4682B4,0
6,10,82,0.703344,0.0203444,0.0203444,0,All,#4682B4,0
7,10,82,0.702089,0.200801,0.200801,0,All,#4682B4,0
8,10,82,0.703935,-0.0646453,-0.0646453,0,All,#4682B4,0
9,10,82,0.704433,-0.136214,-0.136214,0,All,#4682B4,0
10,10,82,0.703382,0.0149335,0.0149335,0,All,#4682B4,0
1,10,83.5,0.663864,3.56767,3.56767,0,All,#4682B4,0
2,10,83.5,0.666031,3.25611,3.25611,0,All,#4682B4,0
3,10,83.5,0.665453,3.33918,3.33918,0,All,#4682B4,0
4,10,83.5,0.664722,3.44433,3.44433,0,All,#4682B4,0
5,10,83.5,0.665268,3.36573,3.36573,0,All,#4682B4,0
6,10,83.5,0.663189,3.66471,3.66471,0,All,#4682B4,0
7,10,83.5,0.656275,4.65861,4.65861,0,All,#4682B4,0
8,10,83.5,0.66601,3.25918,3.25918,0,All,#4682B4,0
9,10,83.5,0.669922,2.6968,2.6968,0,All,#4682B4,0
10,10,83.5,0.662312,3.79069,3.79069,0,All,#4682B4,0
1,10,85.5,0.57247,-2.90977,-2.90977,0,All,#4682B4,0
2,10,85.5,0.576119,-3.43438,-3.43438,0,All,#4682B4,0
3,10,85.5,0.578009,-3.70616,-3.70616,0,All,#4682B4,0
4,10,85.5,0.578786,-3.81779,-3.81779,0,All,#4682B4,0
5,10,85.5,0.576168,-3.44145,-3.44145,0,All,#4682B4,0
6,10,85.5,0.576399,-3.4747,-3.4747,0,All,#4682B4,0
7,10,85.5,0.568893,-2.39567,-2.39567,0,All,#4682B4,0
8,10,85.5,0.578267,-3.74319,-3.74319,0,All,#4682B4,0
9,10,85.5,0.582163,-4.30322,-4.30322,0,All,#4682B4,0
10,10,85.5,0.566377,-2.03393,-2.03393,0,All,#4682B4,0
1,10,87.833,0.53063,1.76471,1.76471,0,All,#4682B4,0
2,10,87.833,0.532643,1.47526,1.47526,0,All,#4682B4,0
3,10,87.833,0.536966,0.853795,0.853795,0,All,#4682B4,0
4,10,87.833,0.54042,0.357245,0.357245,0,All,#4682B4,0
5,10,87.833,0.533875,1.2982,1.2982,0,All,#4682B4,0
6,10,87.833,0.539056,0.553373,0.553373,0,All,#4682B4,0
7,10,87.833,0.537645,0.7562,0.7562,0,All,#4682B4,0
8,10,87.833,0.53682,0.874725,0.874725,0,All,#4682B4,0
9,10,87.833,0.532946,1.43176,1.43176,0,All,#4682B4,0
10,10,87.833,0.52203,3.00101,3.00101,0,All,#4682B4,0
1,11,48.583,0.71242,-0.130552,-0.130552,0,All,#4682B4,0
2,11,48.583,0.712404,-0.128262,-0.128262,0,All,#4682B4,0
3,11,48.583,0.712479,-0.139047,-0.139047,0,All,#4682B4,0
4,11,48.583,0.712278,-0.110233,-0.110233,0,All,#4682B4,0
5,11,48.583,0.71244,-0.133436,-0.133436,0,All,#4682B4,0
6,11,48.583,0.71251,-0.14359,-0.14359,0,All,#4682B4,0
7,11,48.583,0.71082,0.0994631,0.0994631,0,All,#4682B4,0
8,11,48.583,0.712371,-0.123583,-0.123583,0,All,#4682B4,0
9,11,48.583,0.712453,-0.135289,-0.135289,0,All,#4682B4,0
10,11,48.583,0.712266,-0.108487,-0.108487,0,All,#4682B4,0
1,11,49,0.710806,-0.195305,-0.195305,0,All,#4682B4,0
2,11,49,0.710893,-0.207848,-0.207848,0,All,#4682B4,0
3,11,49,0.711077,-0.234337,-0.234337,0,All,#4682B4,0
4,11,49,0.710433,-0.141758,-0.141758,0,All,#4682B4,0
5,11,49,0.710836,-0.199696,-0.199696,0,All,#4682B4,0
6,11,49,0.711149,-0.244596,-0.244596,0,All,#4682B4,0
7,11,49,0.710121,-0.0969149,-0.0969149,0,All,#4682B4,0
8,11,49,0.710798,-0.194134,-0.194134,0,All,#4682B4,0
9,11,49,0.711007,-0.224188,-0.224188,0,All,#4682B4,0
10,11,49,0.710073,-0.0899855,-0.0899855,0,All,#4682B4,0
1,11,50,0.704031,-0.0467461,-0.0467461,0,All,#4682B4,0
2,11,50,0.704982,-0.183429,-0.183429,0,All,#4682B4,0
3,11,50,0.704687,-0.141039,-0.141039,0,All,#4682B4,0
4,11,50,0.704366,-0.0948543,-0.0948543,0,All,#4682B4,0
5,11,50,0.702833,0.12547,0.12547,0,All,#4682B4,0
6,11,50,0.70498,-0.1832,-0.1832,0,All,#4682B4,0
7,11,50,0.707821,-0.59167,-0.59167,0,All,#4682B4,0
8,11,50,0.704954,-0.179392,-0.179392,0,All,#4682B4,0
9,11,50,0.705243,-0.221009,-0.221009,0,All,#4682B4,0
10,11,50,0.700529,0.456694,0.456694,0,All,#4682B4,0
1,11,51.5,0.693206,-0.484587,-0.484587,0,All,#4682B4,0
2,11,51.5,0.694647,-0.691721,-0.691721,0,All,#4682B4,0
3,11,51.5,0.691409,-0.226266,-0.226266,0,All,#4682B4,0
4,11,51.5,0.696446,-0.950348,-0.950348,0,All,#4682B4,0
5,11,51.5,0.68701,0.406209,0.406209,0,All,#4682B4,0
6,11,51.5,0.69167,-0.263828,-0.263828,0,All,#4682B4,0
7,11,51.5,0.701784,-1.71774,-1.71774,0,All,#4682B4,0
8,11,51.5,0.695356,-0.793604,-0.793604,0,All,#4682B4,0
9,11,51.5,0.694365,-0.651158,-0.651158,0,All,#4682B4,0
10,11,51.5,0.690387,-0.0792885,-0.0792885,0,All,#4682B4,0
1,11,53.5,0.682131,0.0443653,0.0443653,0,All,#4682B4,0
2,11,53.5,0.679355,0.443464,0.443464,0,All,#4682B4,0
3,11,53.5,0.67784,0.66133,0.66133,0,All,#4682B4,0
4,11,53.5,0.684297,-0.266885,-0.266885,0,All,#4682B4,0
5,11,53.5,0.677281,0.741661,0.741661,0,All,#4682B4,0
6,11,53.5,0.675889,0.941797,0.941797,0,All,#4682B4,0
7,11,53.5,0.684163,-0.24771,-0.24771,0,All,#4682B4,0
8,11,53.5,0.680318,0.3051,0.3051,0,All,#4682B4,0
9,11,53.5,0.67682,0.807877,0.807877,0,All,#4682B4,0
10,11,53.5,0.685703,-0.469019,-0.469019,0,All,#4682B4,0
1,11,54.5,0.676002,-0.241562,-0.241562,0,All,#4682B4,0
2,11,54.5,0.669021,0.761948,0.761948,0,All,#4682B4,0
3,11,54.5,0.671469,0.410036,0.410036,0,All,#4682B4,0
4,11,54.5,0.675777,-0.209312,-0.209312,0,All,#4682B4,0
5,11,54.5,0.674463,-0.0204488,-0.0204488,0,All,#4682B4,0
6,11,54.5,0.667588,0.967986,0.967986,0,All,#4682B4,0
7,11,54.5,0.667528,0.976615,0.976615,0,All,#4682B4,0
8,11,54.5,0.66972,0.661401,0.661401,0,All,#4682B4,0
9,11,54.5,0.66447,1.41614,1.41614,0,All,#4682B4,0
10,11,54.5,0.683772,-1.3586,-1.3586,0,All,#4682B4,0
1,12,96.583,0.712702,-0.0559897,-0.0559897,0,All,#4682B4,0
2,12,96.583,0.712685,-0.0534866,-0.0534866,0,All,#4682B4,0
3,12,96.583,0.712677,-0.0524265,-0.0524265,0,All,#4682B4,0
4,12,96.583,0.712656,-0.0494148,-0.0494148,0,All,#4682B4,0
5,12,96.583,0.712677,-0.0524398,-0.0524398,0,All,#4682B4,0
6,12,96.583,0.712666,-0.0507914,-0.0507914,0,All,#4682B4,0
7,12,96.583,0.712667,-0.0510205,-0.0510205,0,All,#4682B4,0
8,12,96.583,0.712692,-0.0545794,-0.0545794,0,All,#4682B4,0
9,12,96.583,0.712703,-0.0561262,-0.0561262,0,All,#4682B4,0
10,12,96.583,0.712672,-0.0517395,-0.0517395,0,All,#4682B4,0
1,12,97,0.711892,-0.0446387,-0.0446387,0,All,#4682B4,0
2,12,97,0.7119,-0.0457935,-0.0457935,0,All,#4682B4,0
3,12,97,0.711886,-0.043829,-0.043829,0,All,#4682B4,0
4,12,97,0.711809,-0.0326984,-0.0326984,0,All,#4682B4,0
5,12,97,0.711854,-0.0392015,-0.0392015,0,All,#4682B4,0
6,12,97,0.711885,-0.0435975,-0.0435975,0,All,#4682B4,0
7,12,97,0.711881,-0.0431123,-0.0431123,0,All,#4682B4,0
8,12,97,0.711899,-0.0456374,-0.0456374,0,All,#4682B4,0
9,12,97,0.7119,-0.0458117,-0.0458117,0,All,#4682B4,0
10,12,97,0.711872,-0.0417729,-0.0417729,0,All,#4682B4,0
1,12,98,0.708074,-0.227516,-0.227516,0,All,#4682B4,0
2,12,98,0.708233,-0.250273,-0.250273,0,All,#4682B4,0
3,12,98,0.708194,-0.244801,-0.244801,0,All,#4682B4,0
4,12,98,0.707973,-0.213012,-0.213012,0,All,#4682B4,0
5,12,98,0.708039,-0.222458,-0.222458,0,All,#4682B4,0
6,12,98,0.708261,-0.254301,-0.254301,0,All,#4682B4,0
7,12,98,0.708224,-0.249091,-0.249091,0,All,#4682B4,0
8,12,98,0.708161,-0.239945,-0.239945,0,All,#4682B4,0
9,12,98,0.708112,-0.232968,-0.232968,0,All,#4682B4,0
10,12,98,0.708108,-0.232336,-0.232336,0,All,#4682B4,0
1,12,99.5,0.692159,0.486662,0.486662,0,All,#4682B4,0
2,12,99.5,0.692513,0.43579,0.43579,0,All,#4682B4,0
3,12,99.5,0.692549,0.430581,0.430581,0,All,#4682B4,0
4,12,99.5,0.693736,0.259966,0.259966,0,All,#4682B4,0
5,12,99.5,0.692884,0.382433,0.382433,0,All,#4682B4,0
6,12,99.5,0.692818,0.391973,0.391973,0,All,#4682B4,0
7,12,99.5,0.692659,0.414815,0.414815,0,All,#4682B4,0
8,12,99.5,0.69204,0.503818,0.503818,0,All,#4682B4,0
9,12,99.5,0.692103,0.494778,0.494778,0,All,#4682B4,0
10,12,99.5,0.691944,0.517584,0.517584,0,All,#4682B4,0
1,12,101.5,0.63926,-0.296298,-0.296298,0,All,#4682B4,0
2,12,101.5,0.634208,0.430015,0.430015,0,All,#4682B4,0
3,12,101.5,0.636696,0.0724043,0.0724043,0,All,#4682B4,0
4,12,101.5,0.648944,-1.68837,-1.68837,0,All,#4682B4,0
5,12,101.5,0.644114,-0.994047,-0.994047,0,All,#4682B4,0
6,12,101.5,0.634851,0.337538,0.337538,0,All,#4682B4,0
7,12,101.5,0.635446,0.252012,0.252012,0,All,#4682B4,0
8,12,101.5,0.633765,0.493668,0.493668,0,All,#4682B4,0
9,12,101.5,0.637451,-0.0361347,-0.0361347,0,All,#4682B4,0
10,12,101.5,0.634287,0.418607,0.418607,0,All,#4682B4,0
1,12,103.917,0.551679,-0.820187,-0.820187,0,All,#4682B4,0
2,12,103.917,0.534407,1.66274,1.66274,0,All,#4682B4,0
3,12,103.917,0.545946,0.00388314,0.00388314,0,All,#4682B4,0
4,12,103.917,0.535452,1.51249,1.51249,0,All,#4682B4,0
5,12,103.917,0.54701,-0.148985,-0.148985,0,All,#4682B4,0
6,12,103.917,0.533212,1.83451,1.83451,0,All,#4682B4,0
7,12,103.917,0.539935,0.868099,0.868099,0,All,#4682B4,0
8,12,103.917,0.542958,0.43342,0.43342,0,All,#4682B4,0
9,12,103.917,0.550029,-0.583047,-0.583047,0,All,#4682B4,0
10,12,103.917,0.548198,-0.319868,-0.319868,0,All,#4682B4,0
1,13,48.583,0.708508,0.321409,0.321409,0,All,#4682B4,0
2,13,48.583,0.706066,0.6725,0.6725,0,All,#4682B4,0
3,13,48.583,0.702926,1.12392,1.12392,0,All,#4682B4,0
4,13,48.583,0.707112,0.522146,0.522146,0,All,#4682B4,0
5,13,48.583,0.711455,-0.102151,-0.102151,0,All,#4682B4,0
6,13,48.583,0.705861,0.702022,0.702022,0,All,#4682B4,0
7,13,48.583,0.703037,1.10798,1.10798,0,All,#4682B4,0
8,13,48.583,0.705366,0.773133,0.773133,0,All,#4682B4,0
9,13,48.583,0.70459,0.8847,0.8847,0,All,#4682B4,0
10,13,48.583,0.705405,0.767482,0.767482,0,All,#4682B4,0
1,13,49,0.70317,0.810924,0.810924,0,All,#4682B4,0
2,13,49,0.704538,0.614299,0.614299,0,All,#4682B4,0
3,13,49,0.702529,0.903054,0.903054,0,All,#4682B4,0
4,13,49,0.70643,0.342243,0.342243,0,All,#4682B4,0
5,13,49,0.706786,0.291042,0.291042,0,All,#4682B4,0
6,13,49,0.703916,0.703664,0.703664,0,All,#4682B4,0
7,13,49,0.702584,0.895163,0.895163,0,All,#4682B4,0
8,13,49,0.704822,0.573456,0.573456,0,All,#4682B4,0
9,13,49,0.7041,0.67727,0.67727,0,All,#4682B4,0
10,13,49,0.704863,0.567538,0.567538,0,All,#4682B4,0
1,13,50,0.701355,0.806933,0.806933,0,All,#4682B4,0
2,13,50,0.703,0.570476,0.570476,0,All,#4682B4,0
3,13,50,0.701521,0.783112,0.783112,0,All,#4682B4,0
4,13,50,0.704541,0.34901,0.34901,0,All,#4682B4,0
5,13,50,0.698122,1.27174,1.27174,0,All,#4682B4,0
6,13,50,0.702499,0.642476,0.642476,0,All,#4682B4,0
7,13,50,0.701533,0.781423,0.781423,0,All,#4682B4,0
8,13,50,0.703379,0.516078,0.516078,0,All,#4682B4,0
9,13,50,0.702822,0.596163,0.596163,0,All,#4682B4,0
10,13,50,0.703425,0.509471,0.509471,0,All,#4682B4,0
1,13,51.5,0.698863,0.730454,0.730454,0,All,#4682B4,0
2,13,51.5,0.700228,0.534211,0.534211,0,All,#4682B4,0
3,13,51.5,0.699845,0.589379,0.589379,0,All,#4682B4,0
4,13,51.5,0.700821,0.448992,0.448992,0,All,#4682B4,0
5,13,51.5,0.69446,1.36348,1.36348,0,All,#4682B4,0
6,13,51.5,0.700007,0.566085,0.566085,0,All,#4682B4,0
7,13,51.5,0.699776,0.599198,0.599198,0,All,#4682B4,0
8,13,51.5,0.700791,0.453373,0.453373,0,All,#4682B4,0
9,13,51.5,0.700597,0.481181,0.481181,0,All,#4682B4,0
10,13,51.5,0.700845,0.445595,0.445595,0,All,#4682B4,0
1,13,53.5,0.694778,0.891319,0.891319,0,All,#4682B4,0
2,13,53.5,0.695446,0.795358,0.795358,0,All,#4682B4,0
3,13,53.5,0.697262,0.534268,0.534268,0,All,#4682B4,0
4,13,53.5,0.693565,1.06576,1.06576,0,All,#4682B4,0
5,13,53.5,0.689896,1.59311,1.59311,0,All,#4682B4,0
6,13,53.5,0.695844,0.738061,0.738061,0,All,#4682B4,0
7,13,53.5,0.697052,0.564399,0.564399,0,All,#4682B4,0
8,13,53.5,0.69636,0.663827,0.663827,0,All,#4682B4,0
9,13,53.5,0.696946,0.579653,0.579653,0,All,#4682B4,0
10,13,53.5,0.696427,0.654199,0.654199,0,All,#4682B4,0
1,13,55.333,0.69009,0.327109,0.327109,0,All,#4682B4,0
2,13,55.333,0.689645,0.391036,0.391036,0,All,#4682B4,0
3,13,55.333,0.694491,-0.305518,-0.305518,0,All,#4682B4,0
4,13,55.333,0.683525,1.27094,1.27094,0,All,#4682B4,0
5,13,55.333,0.684814,1.08555,1.08555,0,All,#4682B4,0
6,13,55.333,0.690972,0.200398,0.200398,0,All,#4682B4,0
7,13,55.333,0.694109,-0.250563,-0.250563,0,All,#4682B4,0
8,13,55.333,0.691034,0.191454,0.191454,0,All,#4682B4,0
9,13,55.333,0.69275,-0.0553144,-0.0553144,0,All,#4682B4,0
10,13,55.333,0.691115,0.179801,0.179801,0,All,#4682B4,0
1,14,64.583,0.711307,0.128693,0.128693,0,All,#4682B4,0
2,14,64.583,0.710134,0.297271,0.297271,0,All,#4682B4,0
3,14,64.583,0.710284,0.27568,0.27568,0,All,#4682B4,0
4,14,64.583,0.710385,0.261193,0.261193,0,All,#4682B4,0
5,14,64.583,0.711601,0.0864612,0.0864612,0,All,#4682B4,0
6,14,64.583,0.712039,0.0234259,0.0234259,0,All,#4682B4,0
7,14,64.583,0.711961,0.0347249,0.0347249,0,All,#4682B4,0
8,14,64.583,0.711882,0.0460809,0.0460809,0,All,#4682B4,0
9,14,64.583,0.712011,0.0274569,0.0274569,0,All,#4682B4,0
10,14,64.583,0.710408,0.257852,0.257852,0,All,#4682B4,0
1,14,65,0.709521,0.246175,0.246175,0,All,#4682B4,0
2,14,65,0.709379,0.266576,0.266576,0,All,#4682B4,0
3,14,65,0.709562,0.240231,0.240231,0,All,#4682B4,0
4,14,65,0.709361,0.26925,0.26925,0,All,#4682B4,0
5,14,65,0.708951,0.32819,0.32819,0,All,#4682B4,0
6,14,65,0.709962,0.182724,0.182724,0,All,#4682B4,0
7,14,65,0.709773,0.209908,0.209908,0,All,#4682B4,0
8,14,65,0.709621,0.231798,0.231798,0,All,#4682B4,0
9,14,65,0.709792,0.207157,0.207157,0,All,#4682B4,0
10,14,65,0.709737,0.215159,0.215159,0,All,#4682B4,0
1,14,66,0.707031,0.476326,0.476326,0,All,#4682B4,0
2,14,66,0.707308,0.436418,0.436418,0,All,#4682B4,0
3,14,66,0.707452,0.415802,0.415802,0,All,#4682B4,0
4,14,66,0.707237,0.446617,0.446617,0,All,#4682B4,0
5,14,66,0.705327,0.721168,0.721168,0,All,#4682B4,0
6,14,66,0.705374,0.714532,0.714532,0,All,#4682B4,0
7,14,66,0.705621,0.678919,0.678919,0,All,#4682B4,0
8,14,66,0.70552,0.693547,0.693547,0,All,#4682B4,0
9,14,66,0.705091,0.755172,0.755172,0,All,#4682B4,0
10,14,66,0.707614,0.392407,0.392407,0,All,#4682B4,0
1,14,67.5,0.701361,0.706561,0.706561,0,All,#4682B4,0
2,14,67.5,0.702453,0.549518,0.549518,0,All,#4682B4,0
3,14,67.5,0.702392,0.558353,0.558353,0,All,#4682B4,0
4,14,67.5,0.702223,0.582619,0.582619,0,All,#4682B4,0
5,14,67.5,0.700607,0.814971,0.814971,0,All,#4682B4,0
6,14,67.5,0.699288,1.00448,1.00448,0,All,#4682B4,0
7,14,67.5,0.699781,0.933625,0.933625,0,All,#4682B4,0
8,14,67.5,0.699973,0.906024,0.906024,0,All,#4682B4,0
9,14,67.5,0.699328,0.998748,0.998748,0,All,#4682B4,0
10,14,67.5,0.702437,0.551843,0.551843,0,All,#4682B4,0
1,14,69.5,0.686377,-0.5632,-0.5632,0,All,#4682B4,0
2,14,69.5,0.690357,-1.13538,-1.13538,0,All,#4682B4,0
3,14,69.5,0.689386,-0.995796,-0.995796,0,All,#4682B4,0
4,14,69.5,0.689592,-1.02537,-1.02537,0,All,#4682B4,0
5,14,69.5,0.690534,-1.16073,-1.16073,0,All,#4682B4,0
6,14,69.5,0.68626,-0.54641,-0.54641,0,All,#4682B4,0
7,14,69.5,0.686468,-0.576219,-0.576219,0,All,#4682B4,0
8,14,69.5,0.687662,-0.747912,-0.747912,0,All,#4682B4,0
9,14,69.5,0.68747,-0.720325,-0.720325,0,All,#4682B4,0
10,14,69.5,0.688801,-0.911658,-0.911658,0,All,#4682B4,0
1,14,71.833,0.645782,1.02002,1.02002,0,All,#4682B4,0
2,14,71.833,0.659876,-1.0061,-1.0061,0,All,#4682B4,0
3,14,71.833,0.655337,-0.353506,-0.353506,0,All,#4682B4,0
4,14,71.833,0.657331,-0.640176,-0.640176,0,All,#4682B4,0
5,14,71.833,0.669077,-2.32883,-2.32883,0,All,#4682B4,0
6,14,71.833,0.656287,-0.49009,-0.49009,0,All,#4682B4,0
7,14,71.833,0.654858,-0.284695,-0.284695,0,All,#4682B4,0
8,14,71.833,0.659396,-0.937069,-0.937069,0,All,#4682B4,0
9,14,71.833,0.661392,-1.22397,-1.22397,0,All,#4682B4,0
10,14,71.833,0.652017,0.123716,0.123716,0,All,#4682B4,0
1,15,48.583,0.712641,0.0543191,0.0543191,0,All,#4682B4,0
2,15,48.583,0.712626,0.0564674,0.0564674,0,All,#4682B4,0
3,15,48.583,0.712635,0.0551721,0.0551721,0,All,#4682B4,0
4,15,48.583,0.712645,0.0537441,0.0537441,0,All,#4682B4,0
5,15,48.583,0.712661,0.051418,0.051418,0,All,#4682B4,0
6,15,48.583,0.712635,0.0552238,0.0552238,0,All,#4682B4,0
7,15,48.583,0.712667,0.0506254,0.0506254,0,All,#4682B4,0
8,15,48.583,0.712656,0.0522075,0.0522075,0,All,#4682B4,0
9,15,48.583,0.71268,0.0487066,0.0487066,0,All,#4682B4,0
10,15,48.583,0.712671,0.05,0.05,0,All,#4682B4,0
1,15,49,0.711784,0.071641,0.071641,0,All,#4682B4,0
2,15,49,0.711751,0.0763306,0.0763306,0,All,#4682B4,0
3,15,49,0.711789,0.0709969,0.0709969,0,All,#4682B4,0
4,15,49,0.711802,0.0690275,0.0690275,0,All,#4682B4,0
5,15,49,0.711814,0.0673615,0.0673615,0,All,#4682B4,0
6,15,49,0.711738,0.0783372,0.0783372,0,All,#4682B4,0
7,15,49,0.711809,0.0680686,0.0680686,0,All,#4682B4,0
8,15,49,0.711787,0.0711636,0.0711636,0,All,#4682B4,0
9,15,49,0.711827,0.0654719,0.0654719,0,All,#4682B4,0
10,15,49,0.711761,0.0750288,0.0750288,0,All,#4682B4,0
1,15,50,0.707823,0.345454,0.345454,0,All,#4682B4,0
2,15,50,0.707744,0.356894,0.356894,0,All,#4682B4,0
3,15,50,0.707871,0.338665,0.338665,0,All,#4682B4,0
4,15,50,0.70785,0.341671,0.341671,0,All,#4682B4,0
5,15,50,0.707821,0.345735,0.345735,0,All,#4682B4,0
6,15,50,0.707609,0.376255,0.376255,0,All,#4682B4,0
7,15,50,0.70776,0.354624,0.354624,0,All,#4682B4,0
8,15,50,0.707722,0.359957,0.359957,0,All,#4682B4,0
9,15,50,0.707744,0.356906,0.356906,0,All,#4682B4,0
10,15,50,0.707528,0.387945,0.387945,0,All,#4682B4,0
1,15,51.5,0.692625,1.71848,1.71848,0,All,#4682B4,0
2,15,51.5,0.692928,1.67506,1.67506,0,All,#4682B4,0
3,15,51.5,0.692566,1.72709,1.72709,0,All,#4682B4,0
4,15,51.5,0.69188,1.82561,1.82561,0,All,#4682B4,0
5,15,51.5,0.691738,1.84611,1.84611,0,All,#4682B4,0
6,15,51.5,0.692721,1.7047,1.7047,0,All,#4682B4,0
7,15,51.5,0.691672,1.8555,1.8555,0,All,#4682B4,0
8,15,51.5,0.692055,1.80051,1.80051,0,All,#4682B4,0
9,15,51.5,0.690869,1.97097,1.97097,0,All,#4682B4,0
10,15,51.5,0.692328,1.76128,1.76128,0,All,#4682B4,0
1,15,53.5,0.647782,-0.153446,-0.153446,0,All,#4682B4,0
2,15,53.5,0.651323,-0.662465,-0.662465,0,All,#4682B4,0
3,15,53.5,0.64666,0.0079071,0.0079071,0,All,#4682B4,0
4,15,53.5,0.643811,0.417396,0.417396,0,All,#4682B4,0
5,15,53.5,0.644015,0.388118,0.388118,0,All,#4682B4,0
6,15,53.5,0.653609,-0.991156,-0.991156,0,All,#4682B4,0
7,15,53.5,0.645706,0.144964,0.144964,0,All,#4682B4,0
8,15,53.5,0.648496,-0.256117,-0.256117,0,All,#4682B4,0
9,15,53.5,0.641154,0.799422,0.799422,0,All,#4682B4,0
10,15,53.5,0.652493,-0.830674,-0.830674,0,All,#4682B4,0
1,15,55.75,0.570932,1.50982,1.50982,0,All,#4682B4,0
2,15,55.75,0.577975,0.497407,0.497407,0,All,#4682B4,0
3,15,55.75,0.573503,1.1403,1.1403,0,All,#4682B4,0
4,15,55.75,0.579896,0.221286,0.221286,0,All,#4682B4,0
5,15,55.75,0.57908,0.338613,0.338613,0,All,#4682B4,0
6,15,55.75,0.587205,-0.8294,-0.8294,0,All,#4682B4,0
7,15,55.75,0.583016,-0.227327,-0.227327,0,All,#4682B4,0
8,15,55.75,0.584094,-0.382307,-0.382307,0,All,#4682B4,0
9,15,55.75,0.581288,0.0211626,0.0211626,0,All,#4682B4,0
10,15,55.75,0.580468,0.138952,0.138952,0,All,#4682B4,0
