rep,id,eta_Cl,eta_V1,eta_Q,eta_V2
1,11,-0.0281047900639169,0.129353816150125,-0.268052729656805,1.45947408323991
2,11,0.0522395417810078,0.0665140812388691,-0.420363437119483,0.872247030753409
3,11,-0.0354799126446625,0.279780805179824,-0.701334965486349,1.0529644332021
4,11,0.00218945188931929,0.0169362578725503,0.191308256131631,0.826484844706196
5,11,-0.116691353988598,0.184311238383626,-0.327096080845161,1.3101424484741
1,12,-0.123482909528538,-0.263225319258587,0.297383049357633,-1.44799948263849
2,12,-0.10508108429911,-0.236386113206147,1.35082424530428,-1.63384132231388
3,12,-0.150212811700652,-0.0465418327431228,-1.66724127427067,0.640430248327748
4,12,-0.127428364520169,-0.0608246977071882,-2.01726571601893,-0.334966588123814
5,12,-0.131511111290883,-0.121363897769033,-2.14668366987217,0.267304199472989
1,1,0.125460482199902,-0.150414911747241,0.241434793349173,0.832222093970393
2,1,0.296340443944787,-0.323402158939351,0.31983448904831,0.417977079833357
3,1,0.164096054938163,-0.268526098912767,0.388464888441137,0.643269239169992
4,1,0.136169320940357,-0.407156298607138,0.498951974306997,0.546987916553632
5,1,0.161111538449625,-0.298508060127215,0.511954514125334,0.911802965146493
1,15,-0.448618063079209,-0.885583411536433,0.338067430131502,-0.885155105715219
2,15,-0.525302757715695,-1.09377908494959,0.745529981502736,-0.601952732633487
3,15,-0.505206753024465,-0.625403018441828,-0.382725724915801,-1.10069328318161
4,15,-0.490542490328078,-0.734725090257311,-0.180457704427772,-0.945582906010658
5,15,-0.521596891069082,-0.825942455222751,0.494145145131524,-0.852619748468319
1,8,0.164698226858966,0.601693374377454,-0.0634466263987443,-1.06571638532389
2,8,0.168814988425288,0.577407580989775,2.74079750413587,-1.04845819974508
3,8,0.179323403283542,0.506549502026009,0.799388979240201,-0.581143267684642
4,8,0.178823799983917,0.48001968382618,1.4875551473686,-0.453228233059791
5,8,0.200053198814857,0.43916847043611,3.35089134721373,-0.364347888525701
1,4,-0.275191242186488,-0.430563005776654,0.74697554035553,-0.340601772624582
2,4,-0.283612653935967,-0.618032489418973,0.919276110449853,-0.146107564035943
3,4,-0.275162778361064,-0.335526452511835,0.294303619708957,-0.446575171803733
4,4,-0.307948324156226,-0.107365904707353,-0.53335701423856,-0.433023176891193
5,4,-0.212070210883185,-0.156211977564467,-0.437176170518793,-1.08381804230036
1,9,0.103362413757393,-0.0159617721001233,-0.219215136637832,-0.131474903430631
2,9,0.156141827405904,-0.0808512127359982,0.218108959504391,-0.164191374088841
3,9,0.0078567599811854,-0.488789812298477,0.960025569862255,0.174858800571533
4,9,0.10746030713418,-0.509833292993099,0.777156999896819,0.188480433667872
5,9,0.116761912584147,-0.370845645125715,0.599926070391553,0.0436319029066565
1,7,0.0738915654330068,1.37393753376034,0.59923222466024,0.186595594852957
2,7,0.0538688621594048,1.37814259362471,0.737508987046209,0.793887119139945
3,7,0.0698580189784197,1.43138065643134,-0.00320282930614413,0.592657802220369
4,7,0.0413204648105641,1.39541359842655,0.391956569789714,0.966512203454683
5,7,0.0529302708294961,1.46498205403949,-0.607544994271238,-0.864513917141366
1,6,0.607844880623277,0.935248263621125,-2.38724083241861,1.24224969152461
2,6,0.537426561783122,0.947913590873923,-1.32603063154424,-0.753439837035386
3,6,0.583655937681542,0.958102879106129,-0.944606686768367,1.28452836735289
4,6,0.551162433037294,-0.520127790809243,2.41974306416762,0.888332198118279
5,6,0.596750368473315,0.935751746160925,-0.68726388030304,1.3712157780363
1,5,-0.380865922551316,-0.366994774411092,-0.849633439443884,0.24559410898042
2,5,-0.384813205922735,-0.239230609656381,-0.965553426464617,0.924020441258539
3,5,-0.337472432478665,-0.260475633639549,-1.23829527474719,0.439096931053663
4,5,-0.3585063336676,-0.272617020687746,-1.23418290382499,-0.0323745458605673
5,5,-0.320186521452736,-0.325809120217875,-1.38517935113826,0.175767313189608
1,10,0.195193245171395,0.101957295207096,0.225133361833568,-0.631006905959688
2,10,0.123546133439167,0.251084684947966,-0.714920966330026,-0.382926197564458
3,10,0.220104979449881,0.247981668930394,-1.12151289782177,-0.287327338760408
4,10,0.221332736114947,0.0868728218322969,1.20770102091478,-0.480824897512703
5,10,0.180479738928018,0.0907015111371274,0.0949145451272195,-0.611918896784995
1,2,-0.0112449548012443,-0.224911282667998,-0.760784031883149,-0.561515648963117
2,2,-0.0108247141744897,-0.323684275719679,-0.166368932894446,-0.515008032469709
3,2,-0.0275979189400974,-0.205379058135843,-0.476760951702301,-0.438550333771726
4,2,0.0171379099361615,-0.187549843018757,-0.824697469771306,-0.278288565875217
5,2,-0.0179747730877371,-0.376922445286692,-0.00913807950771739,-0.455926997185751
