rep,id,Cl,V1,Q,V2
1,7,17.4804616280119,95.8016159813381,37.7586467736983,31.615173598111
2,7,17.564801330975,68.0206061450709,344.782296323941,52.8237469950455
3,7,17.5429907004453,80.7682064079908,192.70748752894,41.3074927593002
4,7,17.6303355796209,94.3619308940996,66.95690509464,37.7932883674667
5,7,17.619376498291,83.1669849249385,138.373818686282,32.7929808388741
1,10,18.7689532468813,34.9904166569277,7.11337323003559,9.71820314337736
2,10,18.6439135100949,30.8176541806268,18.4807112977571,15.9421479531123
3,10,18.2999806808601,33.2102401404233,9.14557145942048,9.63623875218424
4,10,16.8924286822629,23.1475765891444,63.5467819795119,15.7573282310838
5,10,19.2742482473115,29.4174318035997,16.769111723966,11.0660952966851
1,11,16.8776678599705,31.10586688999,12.2542908903545,32.2696650630617
2,11,16.9467498912103,31.8827451397736,12.7451472488118,32.3840457317779
3,11,17.1452948945855,28.7133099949173,16.9113292000502,48.8812763499908
4,11,17.1938874923386,31.2962595381894,11.0432468525837,26.1920912689972
5,11,15.4016976875817,32.560982249648,17.9791235025341,55.3060370449714
1,2,48.9919690360376,62.5132842227027,43.3217827734808,28.6776235935288
2,2,50.282308105786,53.7857723879456,101.407076304831,27.5851935695891
3,2,47.9634395834207,63.5121160739768,40.8738262110656,33.5934021348179
4,2,48.9123822340975,65.0940949266768,31.4172683279514,39.6714074328664
5,2,50.6457608261016,34.8497996906905,181.439657905858,44.1575012683552
1,8,10.0717081540496,17.8239742455812,86.9333797766092,9.54137106644978
2,8,9.96388005828261,8.43939793065448,245.15797839205,17.2221488809818
3,8,9.46261693845042,16.6786024792545,90.867001215767,10.2463810923377
4,8,9.1855568846708,17.0478742480653,85.8850924805525,10.7985067032896
5,8,9.1310700908178,15.8146175465362,237.269052954133,12.1395636690875
1,6,14.4313425957762,34.3733280582741,2.38633959294853,33.5003154325711
2,6,13.9115528836971,33.5106773265866,2.89836397500337,19.4579937214186
3,6,14.3091139442569,34.1334723117192,5.30682826862251,8.62335222648389
4,6,14.7681125611129,32.9098727445291,5.97596212547549,32.5741042215324
5,6,14.4508658130904,32.6778734072111,6.13794563559444,24.5203311709894
1,5,11.1266110738911,19.9498624690226,6.66184625754333,31.9542633176719
2,5,12.3295493737194,19.0019503505556,5.56295863339797,9.52197130606517
3,5,11.2694121370571,19.8263130335598,6.98555281737565,49.7631669770569
4,5,11.7322233203374,18.9860446240852,6.326478530381,13.8545825968449
5,5,11.805809687325,21.2870513861597,5.44491306110009,36.5348693933769
1,13,11.5146942179997,28.5187702754793,83.5754383168578,43.7482678405485
2,13,11.6449797170825,43.8495614553197,54.4374969515891,29.5135313244854
3,13,11.9894393032846,41.960599952095,45.0176994333484,49.2227035096899
4,13,11.9238205888606,32.1795800097494,64.6073707040562,43.2125205969617
5,13,11.5861500823461,31.1628901687375,83.8532517353567,31.7603448942577
1,15,19.1537971645291,20.7330837187777,73.132044995471,18.2632611337596
2,15,19.7937448493488,24.3488333951666,55.1523524716943,13.3072905037991
3,15,20.2084870691449,30.4633668551746,31.4981402268817,10.9378621656036
4,15,19.6306550470603,30.5487518673159,23.4523253372487,9.81777799851938
5,15,19.7210628325324,30.5293586987537,26.4752648685336,10.465097867675
1,14,20.2928742926158,42.0981882368518,90.854742225761,19.4799552182514
2,14,20.381418040064,31.7738848349309,118.934323186501,31.8872012691348
3,14,20.3690666708912,41.4064720828223,107.907759978847,25.0888006648877
4,14,20.6939707635463,44.2255883360672,71.6430237306548,18.6623606266072
5,14,19.3657162338132,13.4227188941912,169.754732015737,44.3597330148441
