rep,id,eta_Cl,eta_V1,eta_Q,eta_V2
1,12,-0.286004908750666,-0.338652004639359,1.11905761102093e-7,-1.06753465682982
2,12,-0.173477730738368,-0.348877013189294,-9.21359166738966e-9,-2.03766480963948
3,12,-0.209958670877738,-0.582022273562328,2.97183748720897e-8,-0.775515301307354
4,12,-0.231535503555538,-0.421148029926977,6.71516575678766e-9,-0.994993636893851
5,12,-0.342342623203198,-0.459615212723066,-3.66081014391284e-8,-0.505796023652509
1,5,0.170753319781776,0.176679126749701,7.46016608488276e-8,1.55732025541364
2,5,0.166426359043565,0.111059652066749,-8.31457080963105e-9,2.15542417053642
3,5,0.218691663410074,0.10532041060246,-1.59002722099899e-9,1.14003473015253
4,5,0.196671437679911,0.140631633925094,-1.44905687449182e-8,2.14444525473496
5,5,0.160736684845943,0.129545818861787,3.68214170265446e-9,1.18584844639608
1,3,0.584237567284848,0.664779563705158,5.87537134499883e-8,0.652826170281054
2,3,0.634264142431493,0.68776148811758,-3.4695516681893e-8,-0.104656802100026
3,3,0.646929725397683,0.632399738706047,5.22417167303502e-8,0.609496832991158
4,3,0.709141192082658,0.589452505394146,8.84163853243081e-9,0.531262974916273
5,3,0.692549862206925,0.587110296179201,3.91749264139207e-8,0.424629604187549
1,11,-0.14296999515417,-0.132735574918029,1.35425581859749e-9,1.41494322327813
2,11,-0.179526752708037,-0.098255604568414,-3.40672805521081e-8,1.1749718510049
3,11,-0.138142617473077,-0.155913047043316,-5.12405073926914e-8,1.87940886888798
4,11,-0.135986055216989,-0.177532523579447,-8.12756932866421e-8,1.63315425571715
5,11,-0.141764872712837,-0.108735237423403,7.23254345302848e-10,2.3050416215182
1,15,0.0384588069166982,0.00920691501557114,-1.20580863960384e-7,-0.29220129985796
2,15,0.0695206551244043,-0.0953032081462357,2.91099309102094e-8,0.110868737728749
3,15,0.0607921329593508,-0.0513116832538354,-6.63832389058427e-8,0.106727952785651
4,15,0.0753851073861083,-0.0100710962444817,-4.54697248741809e-8,-0.461239316705567
5,15,0.0706739505164267,-0.00725516868779996,-3.42228045902004e-8,-0.0663419577252147
1,4,-0.402204810628016,-0.331011405688689,-4.10465865741116e-8,-0.0616259251015063
2,4,-0.381786393815414,-0.467270692420596,-3.63182866003342e-8,0.231433026306556
3,4,-0.420908610892262,-0.275133394474911,-1.2883412559006e-8,-0.361946558007927
4,4,-0.357642163331088,-0.310010809710936,5.69982812059777e-8,-0.193454080239189
5,4,-0.351929723294192,-0.289578378110264,2.65520885278647e-8,-0.851351762715875
1,10,0.100252359596568,-0.176386991701103,4.69521483914548e-8,-0.313602722372035
2,10,0.0315575984926557,-0.103184682880173,2.7023653093039e-8,0.581913735988481
3,10,0.0486345665009371,0.0193402950495365,-1.56759836222875e-8,-0.0391412074490458
4,10,0.0512084734828204,0.00428434586600268,1.83136257270178e-8,-0.446548993593981
5,10,0.0176342160334704,-0.00542664183530528,-9.66963580317781e-8,-0.271102440021791
1,8,-0.685232026912612,-0.352305013936837,6.38995523161157e-9,-1.37313093023548
2,8,-0.655866329466769,-0.320567583085152,1.09530740033392e-8,-1.24456908005009
3,8,-0.617471619868797,-0.357281598586937,1.5596243407856e-8,-1.06162598957236
4,8,-0.630997107502958,-0.386105931888924,-2.47796783092724e-8,-0.940772237827378
5,8,-0.69560656485572,-0.389512972327049,-3.9443096788716e-8,-0.54083647889839
1,14,0.503639503104365,0.928560794761019,-1.67646652116105e-9,-0.132698388395295
2,14,0.523946098631571,0.951387593488349,9.01895580440737e-9,-0.628239473685459
3,14,0.534929123644958,0.957904509314634,-3.03064138229558e-8,-0.575557788226629
4,14,0.486746206074757,0.915785441754891,-1.04748121287912e-9,-0.327936207010384
5,14,0.543355231547249,0.948033976853109,-1.26078458784207e-8,-1.0030015981164
1,2,-0.0952455363145277,-0.384781800087467,-2.42615034728999e-8,0.455273060462261
2,2,-0.111384034353519,-0.482850510725049,1.16859886212239e-8,0.477110829048541
3,2,-0.0853555226677618,-0.449554756620371,3.03020559755396e-8,0.291266221667118
4,2,-0.0174021964875601,-0.593657034976945,4.13786884756462e-8,0.092800914662301
5,2,-0.136596125731602,-0.455827610171597,-1.85237181149489e-8,1.1894683603749
