rep,id,Cl,V1,Q,V2,eta_Cl,eta_V1,eta_Q,eta_V2
1,1,3.68971797766116,3.7252559604722,4.12720116457349,4.24630871451719,0.82403014718229,0.292680225194534,0.974465142209836,1.11743767115501
2,1,3.65805392239619,3.64693968368157,4.32348888684115,4.21321236903421,0.792366091917325,0.214363948403908,1.1707528644775,1.08434132567203
3,1,3.63769172105781,3.71849627826637,4.2068326463402,4.42056690173963,0.77200389057894,0.285920542988708,1.05409662397654,1.29169585837745
4,1,3.69915297041544,3.75692293348275,4.21187383598184,4.17697580316784,0.833465139936567,0.324347198205081,1.05913781361819,1.04810475980565
5,1,3.60502686648421,3.50381567711305,4.32270887362406,4.28088204547174,0.739339036005338,0.0712399418353815,1.16997285126041,1.15201100210956
1,2,2.15790803900672,3.68351923486937,4.39548355957072,3.05753229010741,-0.707779791472153,0.250943499591708,1.24274753720706,-0.0713387532547736
2,2,2.15258886414143,3.9287669809766,3.11897588256297,2.94414822358727,-0.713098966337434,0.496191245698934,-0.0337601398006844,-0.184722819774911
3,2,2.15497233635669,3.74605808737897,3.99787523652098,3.28592149309701,-0.71071549412218,0.313482352101309,0.845139214157326,0.157050449734829
4,2,2.11840394355643,3.89756469231444,3.80625158084046,3.31712511580788,-0.74728388692244,0.464988957036779,0.653515558476804,0.188254072445702
5,2,2.17408826641251,3.97989663557114,3.23659865040629,2.8261893207139,-0.691599564066358,0.547320900293474,0.0838626280426351,-0.302681722648277
1,3,3.5487400903715,3.78213161550533,2.92151897766613,2.57467659875839,0.683052259892627,0.349555880227664,-0.231217044697525,-0.554194444603791
2,3,3.47779626215262,3.72360847292747,3.48507080867433,3.28740476324441,0.612108431673753,0.291032737649806,0.332334786310678,0.158533719882224
3,3,3.5128235906639,3.68114885004515,3.5320385382756,3.06699033295422,0.64713576018503,0.248573114767482,0.379302515911945,-0.0618807104079639
4,3,3.52554479761722,3.72361968538294,3.31686956206814,2.9242446317664,0.659856967138352,0.29104395010528,0.164133539704485,-0.204626411595784
5,3,3.48953292684714,3.69229006159059,3.43758489217829,3.28918728014145,0.623845096368274,0.259714326312926,0.284848869814638,0.160316236779271
1,4,2.33481074773007,2.62939173857951,3.93210805489066,1.82165774153471,-0.5308770827488,-0.803183996698154,0.779372032527007,-1.30721330182747
2,4,2.29736820470015,2.56156969401555,3.48722655367972,1.88531369061852,-0.568319625778722,-0.871006041262119,0.334490531316064,-1.24355735274366
3,4,2.26422971016554,2.63978856561686,2.90853906954363,1.92600626983896,-0.60145812031333,-0.792787169660804,-0.244196952820028,-1.20286477352322
4,4,2.30478890085302,2.91480023972327,1.75730282832951,1.3545561197983,-0.560898929625851,-0.517775495554391,-1.39543319403414,-1.77431492356388
5,4,2.27176337562196,2.85869111400784,2.28521998601583,1.36872103144188,-0.593924454856908,-0.573884621269826,-0.86751603634783,-1.76015001192031
1,5,2.45355264058946,3.73170895857336,4.0271130033206,4.0422773898529,-0.412135189889409,0.299133223295693,0.874376980956943,0.913406346490715
2,5,2.45937574784708,3.01334932583672,4.65747648523084,3.89044386444845,-0.406312082631783,-0.419226409440945,1.50474046286719,0.761572821086273
3,5,2.49078765197697,4.03478946695421,3.4429117569265,3.8255227810332,-0.374900178501895,0.60221373167655,0.29017573456284,0.696651737671021
4,5,2.49096510463825,3.74862754957749,3.51330989417804,3.64757392722853,-0.374722725840622,0.316051814299821,0.360573871814381,0.518702883866346
5,5,2.38635505179503,2.68958145458739,4.53834819905231,4.03998878871602,-0.479332778683837,-0.742994280690275,1.38561217668865,0.911117745353839
1,6,3.57338374845907,3.30105759286598,4.85031500614574,3.74242642167409,0.707695917980201,-0.131518142411683,1.69757898378209,0.613555378311912
2,6,3.49370975449905,3.18418418518201,4.5975678099548,3.84566427880436,0.628021924020186,-0.248391550095653,1.44483178759114,0.716793235442178
3,6,3.62137213128942,3.51299671265399,4.79460140695798,3.68105459060641,0.755684300810551,0.0804209773763298,1.64186538459433,0.552183547244228
4,6,3.55809223152202,3.2290635852267,4.75706698407689,3.84268410979186,0.69240440104315,-0.203512150050966,1.60433096171324,0.713813066429683
5,6,3.60393099368717,3.56561654858643,4.62861412546283,3.56721029674003,0.738243163208304,0.133040813308765,1.47587810309917,0.438339253377853
1,7,3.44708183023046,4.16973344860669,3.47089707090486,5.32160286292453,0.581393999751595,0.737157713329023,0.318161048541204,2.19273181956235
2,7,3.47255709198483,4.08192102938079,3.66047300909122,4.45992951768285,0.606869261505957,0.649345294103122,0.507736986727565,1.33105847432066
3,7,3.44518740892151,4.04831175952239,3.79434952896009,4.41204763737583,0.579499578442643,0.61573602424473,0.641613506596436,1.28317659401365
4,7,3.45940380981439,4.07678164871168,3.57840581373806,4.52509947996803,0.593715979335526,0.64420591343402,0.425669791374405,1.39622843660585
5,7,3.43777835072926,3.94521915218187,3.96811782549708,4.08701169594633,0.572090520250392,0.512643416904207,0.815381803133427,0.958140652584146
1,8,2.94553434308484,3.61791696326821,1.18331332342104,3.57266370639791,0.0798465126059758,0.185341227990544,-1.96942269894262,0.443792663035725
2,8,2.97784585803183,3.44383982404625,3.90356113533439,1.87777887980253,0.112158027552961,0.0112640887685891,0.750825112970737,-1.25109216355965
3,8,2.9664007550595,3.6544560407518,1.07839180281813,3.57109909807622,0.100712924580628,0.221880305474138,-2.07434421954553,0.442228054714038
4,8,2.98071844606707,3.49000814164476,2.38223673737808,1.93208666674105,0.115030615588201,0.0574324063670915,-0.770499284985572,-1.19678437662113
5,8,3.03771448423415,3.40250471115841,3.47460428044972,1.81327255975062,0.172026653755286,-0.030071024119259,0.321868258086066,-1.31559848361156
1,9,2.34249275917778,3.09695389937402,3.81778099829072,2.43856395515551,-0.523195071301088,-0.335621835903642,0.665044975927068,-0.690307088206669
2,9,2.38310828505961,2.95486976749396,4.0544526318134,2.52400021573901,-0.482579545419263,-0.477705967783709,0.90171660944974,-0.604870827623167
3,9,2.33092571612073,3.10375860839,3.75607058387849,2.42847094001363,-0.534762114358136,-0.328817126887663,0.603334561514836,-0.700400103348551
4,9,2.33927926065244,2.9922963487388,4.33244306814293,2.49993770495003,-0.526408569826428,-0.44027938653886,1.17970704577928,-0.628933338412156
5,9,2.4229190309813,3.35026050105542,2.90052072012928,1.67047940462659,-0.442768799497567,-0.0823152342222486,-0.252215302234373,-1.4583916387356
1,10,2.68649060365085,3.42109607779554,3.28144929504096,1.14473356745485,-0.179197226828019,-0.0114796574821279,0.128713272677306,-1.98413747590733
2,10,2.70479155516042,3.60069490062475,1.3403618004502,3.66972868435528,-0.160896275318447,0.168119165347089,-1.81237422191345,0.540857640993096
3,10,2.69474159656681,3.49083229413312,1.27851878092366,4.01250965352942,-0.170946233912062,0.0582565588554558,-1.87421724144,0.883638610167236
4,10,2.57328994451704,3.55514607962824,1.34133566294831,5.64661565407622,-0.292397885961829,0.122570344350573,-1.81140035941535,2.51774461071404
5,10,2.64650389893973,3.59755257625949,1.85750899348835,3.667515017181,-0.219183931539141,0.164976840981824,-1.2952270288753,0.538643973818822
1,11,2.53010464258003,2.85072496383449,3.66656885817673,2.76505339316371,-0.33558318789884,-0.581850771443176,0.513832835813079,-0.363817650198474
2,11,2.52232225387625,2.8840304332074,3.72112339680708,2.56219173870276,-0.343365576602622,-0.54854530207026,0.568387374443426,-0.566679304659422
3,11,2.54326295464409,3.19765589862944,2.94609961878473,1.79813974661995,-0.322424875834781,-0.234919836648222,-0.206636403578921,-1.33073129674223
4,11,2.540064848872,2.98606536539593,3.30797782621406,2.28813291740479,-0.325622981606867,-0.446510369881737,0.155241803850402,-0.840738125957395
5,11,2.48391939732648,2.79237696967774,3.77013355076941,2.59943668124756,-0.38176843315239,-0.640198765599929,0.617397528405753,-0.529434362114622
