rep,id,eta_Cl,eta_V1,eta_Q,eta_V2
1,8,0.224369169732693,0.702926599905408,2.71280562335281,-2.49570407084864
2,8,0.206146380059149,0.540597687684748,3.429209052444,-1.15221357401599
3,8,0.198625927862408,0.516092510817683,4.63134877845884,-0.793509537057291
4,8,0.23560289468241,0.504105572509214,0.666112102280123,-0.869812471593763
5,8,0.183745741719999,0.384441636942855,2.35973628227424,-0.635176257391255
1,13,0.38908904686691,0.911519350525873,1.88651007272471,1.51616908671225
2,13,0.361329752014548,0.0975752501766247,2.1128216923452,1.75195059182981
3,13,0.360314779767844,-0.24436019229116,1.980453705661,1.66307708431893
4,13,0.368883351869973,-0.11871123754845,2.16420100462129,1.74586567029412
5,13,0.39831669854233,0.642113362627851,1.92541844562378,1.70689908521896
1,1,0.265286538998374,-0.305712443880601,0.41833225115086,0.327325465193466
2,1,0.167656464607632,-0.346525667018807,0.422490205986545,0.771961116271445
3,1,0.187520289844791,-0.24869773674683,0.488278101962838,0.828393971599522
4,1,0.211166208285636,-0.311731539033123,0.471838704051069,0.539776513261342
5,1,0.248388681236884,-0.332323510382146,0.357758540661332,0.505340690589813
1,10,0.190205452205834,-0.373995891914089,1.30075969359278,-0.0509882578056868
2,10,0.216232845760105,0.260060488556534,0.15900573050378,-2.00257801937202
3,10,0.239642344260842,-0.0165192464958293,2.68243776312048,-0.656848850718551
4,10,0.209870025058594,-0.54778387326489,1.57328144638067,-0.188742807102945
5,10,0.163376514484304,-0.592135585865795,1.96500068640056,0.054559914947276
1,2,0.754206449115315,0.422204681092768,0.188655035468145,0.173033191899819
2,2,0.74895373653665,0.447504014593217,0.0291007084714079,-0.161584197113742
3,2,0.71229391532135,0.395509751936752,0.26409801295771,0.246954702008948
4,2,0.744736840784894,0.308557847571286,0.53221328646764,0.0756954823563731
5,2,0.751490561261585,0.378502559418352,0.341351187624154,0.103192703091933
1,3,0.146274201973409,0.196165550575918,-1.41141471124589,0.0742262721503515
2,3,0.0735706237962006,0.260084966588517,-2.55850756239147,-0.487676088948355
3,3,0.0654600603568292,0.240267473373112,-1.09428967254483,0.207674852739809
4,3,0.157840538423726,0.080203146704072,-0.226412958259466,-1.25510778281705
5,3,0.127575453487079,0.141319419689195,-1.24304690574219,-0.4591248201719
1,5,-0.293528128201347,-0.280289595018101,-1.27051173550384,0.8959265394803
2,5,-0.310080410388278,-0.32893058783188,-1.39062633188006,0.606940364376622
3,5,-0.321596346382423,-0.26428719839382,-1.56537166120549,0.998505540745259
4,5,-0.332521881336638,-0.263534203611842,-1.2860879296341,0.541032875561567
5,5,-0.332336517024863,-0.299472707335166,-1.21737559589749,0.817377615105953
1,15,-0.418891914478943,-0.403272693931612,-1.40284165405646,-1.98752885756952
2,15,-0.423455662848384,-0.48273366652756,-1.42702188056775,-2.43235771209505
3,15,-0.475716822913328,-0.47918879850233,-0.554866667221513,-2.11655032320769
4,15,-0.441545059392113,-0.885181727391197,0.802962785185399,-0.777835034335183
5,15,-0.483692457474992,-0.784399127622244,-0.302957539705757,-0.868817056754117
1,7,-0.568431619443678,0.728050558481922,-0.114707731878322,-1.10420421835476
2,7,-0.605522051939383,0.695134783828024,-0.363741972501335,0.580057648530961
3,7,-0.597745712164368,0.761145777236774,-0.730269895865808,0.074534006623308
4,7,-0.610478536016652,-0.314338848494551,2.19466068488317,0.582770623472397
5,7,-0.581448088525022,0.637046967748997,0.140696330797582,0.495992297363499
1,12,-0.0995692848579472,-0.0312394682744248,-3.10396439889628,-0.775137881543939
2,12,-0.0446981576724035,-0.182735044207611,-1.9120594213727,-0.89290316261183
3,12,-0.154872318863221,-0.0874079235174836,-1.73887632256114,1.40923592825774
4,12,-0.151317935125271,-0.189973357554409,-1.96979415385428,0.260179630514656
5,12,-0.119929706164119,-0.162300321725451,-1.50050136345986,0.329223667518407
1,14,-0.406862344834385,-0.0873919784002921,1.24529101457273,-1.37207564447307
2,14,-0.46553690269412,-0.0053508760028258,1.49078134695408,-1.46838275007182
3,14,-0.416025663043679,0.121875164665287,-2.98660986765716,-0.937392564611082
4,14,-0.427830503563897,-0.0410219536159069,-0.720276908408929,-2.24588328268253
5,14,-0.44579993828417,-0.535938678303045,2.82100782247842,-0.394402867984616
1,11,0.000444841725659728,0.102732682157375,0.119046363086929,0.628515536794618
2,11,-0.00692231244143127,-0.194554708556586,0.108365274766404,0.686482376111285
3,11,0.0281243554853545,0.139124444088524,-0.391986242294827,2.14350306006273
4,11,0.00775139099605671,0.134803495866726,-0.162082969122911,1.28767302670153
5,11,-0.0390656486400127,0.118014982579893,-0.177199099520273,1.78890059958296
