rep,id,Cl,V1,Q,V2,SCRMGDL,tSCRMGDL
1,1,12.7629612254893,25.5850479871307,0.49757734922399,48.8984453807802,0.5,0.925925925925926
2,1,14.9170382385182,25.5850492390557,1.62013690270003,52.4222953103937,0.5,0.925925925925926
3,1,15.0229459176254,25.585046501832,42.9170892094902,6.25679205374421,0.5,0.925925925925926
4,1,17.2797856549418,25.5850506106602,6.62141106519902,10.4217840480101,0.5,0.925925925925926
1,2,11.8761749782951,25.5850452532956,22.5496659438928,2.79564618604264,0.54,1
2,2,12.8579575816886,25.5850449522577,170.274360440219,8.11082490674723,0.54,1
3,2,12.6996939820401,25.5850521467183,164.086095240568,5.94525819339833,0.54,1
4,2,11.8986829389128,25.5850454176325,1.35248590628011,27.8394572132954,0.54,1
1,3,14.7824126569012,25.585041459686,3.35220126098386,61.257048113353,0.57,1.05555555555556
2,3,13.2899025769365,25.585044023354,1.61918364932682,88.2590587508518,0.57,1.05555555555556
3,3,13.1760291838123,25.5850506455426,2.15792043562563,99.693303544133,0.57,1.05555555555556
4,3,13.8629891730583,25.5850497004312,1.26958142139125,18.9114209633443,0.57,1.05555555555556
1,4,11.3051557479145,25.5850428010566,3.23729827049832,18.2093853087111,0.63,1.16666666666667
2,4,11.5694749557354,25.5850439557261,6.96842648222311,54.7167555212816,0.63,1.16666666666667
3,4,11.8504764400582,25.5850449991211,6.49386808978766,190.471132765537,0.63,1.16666666666667
4,4,11.7811166984331,25.585043993135,9.68601290453048,30.4183836779196,0.63,1.16666666666667
1,5,11.773217470551,25.5850508083673,0.482925467856808,6.70489321061539,0.54,1
2,5,12.0047564382087,25.5850459811337,40.1406294598829,4.11406581243585,0.54,1
3,5,11.4083376200309,25.5850432419463,178.192440712447,1.5353809297925,0.54,1
4,5,11.8789717179173,25.5850419416256,5.2105756819322,3.21258565291059,0.54,1
1,6,10.409907426516,25.5850431381802,3.63807476246749,87.756765733896,0.5,0.925925925925926
2,6,11.0880764599107,25.5850437247242,0.948667063364511,10.913000522191,0.5,0.925925925925926
3,6,10.1483113706219,25.5850464423694,1.01733756570427,25.3911058444378,0.5,0.925925925925926
4,6,10.0839536186399,25.58504434661,1.43827236860932,13.9550892979873,0.5,0.925925925925926
1,7,14.4416159406346,25.5850422070685,1.84433807088258,38.7452130473078,0.57,1.05555555555556
2,7,13.6848632882952,25.5850462922551,1.83751515222193,27.6793467703759,0.57,1.05555555555556
3,7,14.0183524880428,25.5850460873538,6.49138592177356,9.99666611539701,0.57,1.05555555555556
4,7,15.0754162520069,25.5850492695899,3.08111706305302,13.5303773798158,0.57,1.05555555555556
1,8,14.3931541548941,25.5850516650044,16.4982367914948,92.7033153041114,0.48,0.888888888888889
2,8,14.2895862933055,25.5850508685957,75.6203355624359,24.4176978377829,0.48,0.888888888888889
3,8,14.9065790065852,25.5850453350166,15.8184107312237,156.036625339088,0.48,0.888888888888889
4,8,13.7158407549876,25.5850490426106,12.3812256809187,38.2876968404519,0.48,0.888888888888889
1,9,16.7772664532206,25.5850473388435,3.16720281444979,31.0322835947453,0.57,1.05555555555556
2,9,16.220758979832,25.5850489188139,3.9740892156492,129.465560519505,0.57,1.05555555555556
3,9,17.5710866269028,25.5850437754687,2.7641273744329,42.5449967834188,0.57,1.05555555555556
4,9,16.3428959174074,25.5850472846993,3.31360799226393,81.9420415213136,0.57,1.05555555555556
1,10,14.7003088142854,25.5850446880856,2.92135167948477,47.864437210111,0.57,1.05555555555556
2,10,14.215122673995,25.5850426075343,4.66264934731224,9.58023623039369,0.57,1.05555555555556
3,10,14.2681288739255,25.5850496601574,2.29777620771323,118.617478863737,0.57,1.05555555555556
4,10,13.327792131802,25.585044568513,1.15976322813699,51.3160903945912,0.57,1.05555555555556
1,11,17.9734637696946,25.5850521320439,120.88599525113,11.228076986747,0.55,1.01851851851852
2,11,17.1180871280266,25.5850469977639,509.866209254614,5.28592692631107,0.55,1.01851851851852
3,11,17.1440959240684,25.5850523665178,2.05648539159142,17.5298927049235,0.55,1.01851851851852
4,11,16.2457311629422,25.5850461475074,232.157669324295,5.7186726389512,0.55,1.01851851851852
1,12,11.7502758322069,25.585043532923,4.93175185193408,110.198765742667,0.63,1.16666666666667
2,12,12.8375421533005,25.5850459619425,8.33792195997502,91.0522362689489,0.63,1.16666666666667
3,12,12.74843491304,25.5850460513179,6.35681813517164,25.8975271789573,0.63,1.16666666666667
4,12,11.7901625441846,25.5850478766861,4.58986780249581,92.8671201553832,0.63,1.16666666666667
1,13,11.3603213644506,25.585046948855,4.012307263525,7.92557980658823,0.5,0.925925925925926
2,13,10.6583152643607,25.5850471164801,72.9186934515615,8.56600137391319,0.5,0.925925925925926
3,13,10.7862416913979,25.5850451794919,2.46084529628111,37.2887605581907,0.5,0.925925925925926
4,13,11.3516012313762,25.5850520284574,63.4138713189696,9.56254175685982,0.5,0.925925925925926
1,14,12.1887195641071,25.5850424007639,2.33545706136268,2.38904262983863,0.55,1.01851851851852
2,14,10.8726824147277,25.5850499331638,1.54948796301562,184.471992524641,0.55,1.01851851851852
3,14,11.7828639622635,25.5850493930589,3.13546807266363,2.46554707893677,0.55,1.01851851851852
4,14,11.7470194411208,25.5850487983789,14.0638194243747,1.03740514648302,0.55,1.01851851851852
1,15,10.9964852971497,25.5850501690305,0.0893454390097632,21.7466130386878,0.55,1.01851851851852
2,15,13.3171640503577,25.585046245707,2.31148712349689,5.67387387252391,0.55,1.01851851851852
3,15,11.4345659986326,25.5850415157828,0.0344655169571538,43.5313972189574,0.55,1.01851851851852
4,15,12.4931616983425,25.5850485443304,0.967529887433996,24.4603955899708,0.55,1.01851851851852
