rep,id,Cl,V1,Q,V2,eta_Cl,eta_V1,eta_Q,eta_V2
1,1,2.82539722236333,3.36550009446574,2.9180543706749,3.21331911091246,0.157639694843694,0.142468084348462,-0.234681651688752,0.79947569938965
2,1,2.82366744121052,3.02523981619547,3.59104373710359,3.19914323241271,0.155909913690879,-0.197792193921815,0.438307714739936,0.785299820889896
3,1,2.70033128273489,3.39903930774408,3.02300850280733,3.90232684147253,0.0325737552152496,0.176007297626797,-0.12972751955633,1.48848342994971
4,1,2.79233638571556,3.12538772518209,3.62251520079165,3.21276105891033,0.124578858195928,-0.0976442849351895,0.469779178427993,0.798917647387522
1,2,2.74177050788355,3.33626500129641,3.18523414046231,3.52190008465547,0.0740129803639173,0.113232991179127,0.0324981180986574,1.10805667313266
2,2,2.77058835556254,3.21957570800125,3.22839178391776,3.33904888660189,0.102830828042901,-0.00345630211602899,0.0756557615541085,0.925205475079077
3,2,2.74478794108968,3.39659209075784,2.98041466014853,4.57986168477511,0.0770304135700384,0.173560080640558,-0.17232136221513,2.1660182732523
4,2,2.77772163008883,3.34612549142472,2.95112183859268,4.10392095125072,0.109964102569193,0.12309348130744,-0.20161418377098,1.6900775397279
1,3,2.28229077835027,2.72714286675485,2.58098274296928,1.76126973001871,-0.327419018995593,-0.495889143362434,-0.571753279394373,-0.652573681504102
2,3,2.32813425460743,2.67609387580894,2.81193094754674,1.68311953299844,-0.281575542738433,-0.546938134308343,-0.340805074816915,-0.73072387852437
3,3,2.29217800127908,2.6218981747897,2.94087077365447,1.74990929464727,-0.317531796066786,-0.601133835327582,-0.211865248709183,-0.66393411687554
4,3,2.28772483119176,2.77080226234982,2.35051233418329,1.63799532953091,-0.321984966154106,-0.45222974776746,-0.802223688180369,-0.775848081991907
1,4,2.67756570401906,3.15456578528186,2.37473410655543,0.913601665676005,0.0844409724371333,-0.0684662248354186,-0.778001915808226,-1.50024174584681
2,4,2.70903200332055,3.00579621469963,3.38584779833088,1.36187930190396,0.11590727173862,-0.217235795417648,0.233111775967226,-1.05196410961885
3,4,2.64442210070656,3.08159852473746,2.87621971912866,1.359117964938,0.0512973691246303,-0.141433485379818,-0.276516303235,-1.05472544658481
4,4,2.69068870620098,3.20777116915796,0.953811917084464,2.34207636728555,0.0975639746190478,-0.0152608409593205,-2.19892410527919,-0.0717670442372653
1,5,2.15061989069674,3.94486807821382,3.22440839417437,2.99410891030199,-0.069340861196642,0.721836068096538,0.0716723718107151,0.580265498779177
2,5,2.13773004033992,3.84674170456644,3.49320245333744,2.93600790200205,-0.0822307115534637,0.623709694449157,0.340466430973784,0.522164490479235
3,5,2.15992843809175,3.90881970923512,3.65053323634904,2.6776070551334,-0.0600323138016376,0.68578769911784,0.497797213985383,0.263763643610588
4,5,2.15665953479904,3.85481480379871,4.52085592863973,2.67050987687493,-0.0633012170943474,0.631782793681426,1.36811990627607,0.256666465352121
1,6,2.97722280563134,3.04173792686723,3.39262404001678,3.41359360690208,0.292880212347766,-0.181294083250046,0.239888017653124,0.999750195379265
2,6,2.98976977140277,3.10365847043431,3.2147930144143,3.42426866460386,0.305427178119197,-0.11937353968297,0.062056992050644,1.01042525308105
3,6,2.9077749962448,2.82084492215899,3.86410308988945,3.50138560631131,0.223432402961228,-0.402187087958293,0.711367067525795,1.0875421947885
4,6,2.81350337828545,3.04702756125775,3.57107970969321,3.96958966457932,0.129160785001876,-0.176004448859526,0.418343687329555,1.55574625305651
1,7,2.95672799441228,3.3041594718079,3.46057065482168,2.59260406127689,0.363603262830354,0.0811274616906199,0.307834632458026,0.178760649754078
2,7,2.94989283918297,3.5562191179343,2.06183765179977,1.45844263125735,0.356768107601038,0.333187107817015,-1.09089837056389,-0.955400780265463
3,7,3.01910800730366,3.46046593776807,2.68149830221528,2.22658425768125,0.425983275721736,0.237433927650793,-0.47123772014838,-0.187259153841561
4,7,2.93697138163007,3.37898891180785,3.53580306641052,2.06786329203344,0.343846650048142,0.155956901690567,0.38306704404686,-0.345980119489374
1,8,2.85930471752415,2.86241940421998,3.18813607862083,2.48466321287607,0.249594920178285,-0.360612605897299,0.0354000562571786,0.0708198013532542
2,8,2.84772609365995,2.92028468217,3.24388563190479,2.61570467243004,0.238016296314082,-0.302747327947282,0.0911496095411368,0.201861260907225
3,8,2.81816330239046,2.99933621453863,3.09469417751816,2.35306941789581,0.208453505044594,-0.223695795578655,-0.0580418448454982,-0.060773993627008
4,8,2.7990553568116,3.1236322441977,2.41690550630744,1.81555521102067,0.189345559465735,-0.0993997659195851,-0.735830516056216,-0.598288200502141
1,9,2.65901441872764,3.50565258919719,1.33618511214553,1.8425529613579,-0.116546036257575,0.282620579079914,-1.81655091021812,-0.571290450164909
2,9,2.64033556632313,3.48940719221141,2.04606136429791,2.59957014967912,-0.13522488866209,0.266375182094129,-1.10667465806575,0.185726738156308
3,9,2.66141041155578,3.44901959190364,2.59671493158122,1.21347970237494,-0.114150043429438,0.225987581786357,-0.556021090782441,-1.20036370914788
4,9,2.73032392459577,3.41412756410731,3.72315895586919,-0.206669228140105,-0.0452365303894493,0.191095553990034,0.570422933505531,-2.62051263966292
1,10,2.88494318039359,3.46157230972154,1.89071575480393,2.17167002563332,0.233770718637886,0.238540299604256,-1.26202026755972,-0.242173385889497
2,10,2.86788522499566,3.41444730153508,2.6195910500916,0.662195835768191,0.21671276323996,0.191415291417805,-0.533144972272055,-1.75164757575462
3,10,2.88613652926515,3.39468750885183,2.44979647735855,1.9091481031596,0.234964067509453,0.171655498734547,-0.702939545005109,-0.504695308363212
4,10,2.8005435639352,3.41377505877983,2.88921598686091,2.26826574339588,0.149371102179494,0.190743048662552,-0.263520035502749,-0.145577668126934
1,11,2.25858494170955,3.20339518872127,3.26180257299765,0.696886091984836,-0.127226467823192,-0.0196368213960119,0.109066550633997,-1.71695731953798
2,11,2.27304216301514,3.17664248129073,4.03901873527501,0.444375064427554,-0.112769246517595,-0.0463895288265519,0.886282712911354,-1.96946834709526
3,11,2.25324253283163,3.20586687827901,3.50572124993164,1.09823452257085,-0.132568876701108,-0.017165131838274,0.35298522756798,-1.31560888895196
4,11,2.24145634343439,3.14288963679395,3.96822911763367,1.57280587121955,-0.144355066098346,-0.0801423733233322,0.815493095270011,-0.841037540303264
1,12,2.54202307943544,3.02986923454481,3.12542919988119,2.47248415360797,-0.0759792507923907,-0.193162775572471,-0.0273068224824637,0.0586407420851542
2,12,2.60591091574256,2.99504057167754,3.40453909456305,2.2177903424851,-0.0120914144852677,-0.227991438439742,0.251803072199398,-0.196053069037711
3,12,2.55167099672341,3.10499830808696,3.00861392527071,2.16232057223991,-0.0663313335044218,-0.118033702030318,-0.144122097092949,-0.251522839282901
4,12,2.55719041821828,2.71602812555946,4.03417570308484,2.75267839089654,-0.0608119120095481,-0.507003884557821,0.88143968072118,0.338834979373728
1,13,2.54023493412789,2.88808882720087,3.71372857407418,2.60068693018374,-0.0777673960999441,-0.334943182916413,0.560992551710523,0.186843518660929
2,13,2.49695674922874,2.93458072178146,3.70000614152006,2.42217691760587,-0.121045580999088,-0.288451288335822,0.547270119156406,0.00833350608305938
3,13,2.52928916255916,2.90846895122473,3.71704276293905,2.62055472376972,-0.0887131676686757,-0.314563058892551,0.564306740575393,0.206711312246909
4,13,2.50151967298672,2.88758110362218,3.51999753558188,2.65748011821864,-0.116482657241108,-0.335450906495105,0.367261513218228,0.243636706695831
1,14,2.30651786835285,3.05596495563809,3.90512284709384,1.58950737817782,-0.0792935411798901,-0.167067054479191,0.752386824730182,-0.824336033344995
2,14,2.27237978159828,3.07188959701005,4.09534764332401,1.64261624702459,-0.113431627934459,-0.15114241310723,0.942611620960355,-0.771227164498227
3,14,2.24744839297964,3.25721396381564,3.41566802569001,0.630271263198879,-0.138363016553095,0.0341819536983623,0.262932003326353,-1.78357214832393
4,14,2.25782678764922,3.05176061619803,4.19423376464677,1.84844381902943,-0.12798462188352,-0.171271393919252,1.04149774228312,-0.565399592493387
1,15,2.45683480420485,3.51433302210904,4.34791879760325,4.02690871496996,-0.393358446718079,0.291301011991755,1.1951827752396,1.61306530344715
2,15,2.51888342286495,3.87226964686974,3.63400931752749,3.62479379208167,-0.331309828057974,0.649237636752456,0.48127329516383,1.21095038055886
3,15,2.48038632130058,3.52455803184943,3.95288340061184,3.58847293457508,-0.369806929622342,0.301526021732148,0.800147378248185,1.17462952305227
4,15,2.47702037413291,3.49523144347902,4.19735890735769,3.76361349730601,-0.373172876790012,0.272199433361744,1.04462288499403,1.34977008578319
