rep,id,eta_Cl,eta_V1,eta_Q,eta_V2
1,10,0.39240276070336,-2.86741604878458,-0.245190020272239,-0.085722188567559
2,10,0.430047924445213,-3.02588335155051,-0.111283303248963,-0.0140074394244643
3,10,1.21026366187463,1.77692251486369,1.80060968502663,0.0544677072049478
4,10,1.17722050042473,1.98346266761843,-0.0799540144223725,-0.0284903531922005
5,10,1.22181163700945,2.00692514740862,-0.660647834667189,-0.0537059513515183
1,12,0.485230459140892,1.22174139662108,-1.4653023422774,0.0033420630768064
2,12,0.484341197825046,1.19293404766024,-1.25013428131948,-0.0534340205487864
3,12,0.491201957807739,1.16156819793015,-1.42816734206058,-0.0188054006612406
4,12,0.463119526500564,1.16826578560178,-1.44319304979541,-0.00626610025379737
5,12,0.510177037522676,1.20412770221352,-1.98785168849038,-0.0552494423282042
1,9,-0.0924542806312729,-1.28685884130685,0.765354238976019,0.0410505930184883
2,9,-0.0163341309663396,0.283408708758882,0.509068914821793,-0.117190980166068
3,9,-0.0507993785727914,-0.399135778648195,1.04558062122672,0.0521046608786602
4,9,-0.0657689283856917,0.0324543652419167,1.06695708934979,0.0549132858347763
5,9,0.0118211170243097,-0.40373600073296,0.919211581422675,-0.0274291808823643
1,7,-0.712369679416697,1.18508627341056,0.574703394603505,0.0725766868511482
2,7,-0.694332811264142,1.30257309533807,-0.339312147490598,-0.00278141355890726
3,7,-0.69516601880072,1.11576670507419,0.873508156020792,0.0364846330782203
4,7,-0.698186103698529,1.38825966674621,-1.04573838735979,0.10167238550715
5,7,-0.678632715222029,1.31962475368998,-0.262409787037087,-0.00502498920579919
1,5,-0.446459161720739,0.317188206997653,-1.27751635512312,0.0361036755370558
2,5,-0.48635244620626,0.227122690406503,-0.870092524399877,-0.0384620758531717
3,5,-0.445146184404864,0.317845806190677,-0.98577265890972,-0.00694078122888264
4,5,-0.438023818503555,0.247819628557077,-0.924485492921368,0.00976486606852722
5,5,-0.391340481278993,0.215650550412012,-0.892337416668221,-0.106830301973626
1,6,-0.21811359975841,0.872916933464702,-1.47280900560949,-0.0508202131957778
2,6,-0.292609728351914,-0.280752470840998,1.61411333231518,0.0169303835623427
3,6,-0.326584668311841,-2.27039528117066,0.910934846672776,-0.00502476920175798
4,6,-0.218467539509736,0.775942671285282,-0.919122755545668,-0.0531478266568479
5,6,-0.178348338952407,-0.692018157046639,1.98728136201109,0.0143028006194106
1,2,1.06752542597416,1.4785454742563,0.579351952998236,-0.00782511731053948
2,2,1.08245079770674,1.47209494382626,0.396640115879255,0.0394617518888536
3,2,1.10176175484378,1.47680635721818,0.486877600015008,0.035927041289145
4,2,1.08875664973131,1.46276409833626,0.647090140030214,0.00813993171751326
5,2,1.04276650387836,1.49610455520141,0.419494020611576,0.0149762794929549
1,4,-0.437045583964523,-0.887228249612494,1.00785641632739,-0.0382642532329589
2,4,-0.477183213173312,-1.02641673655645,0.914681047216457,0.0419926286019452
3,4,-0.472464753769761,-1.56511256217045,0.650891610855616,-0.0620001747050152
4,4,-0.378328303683839,-0.608266848447306,0.958718313975596,-0.0744208117461138
5,4,-0.429010878020249,-0.847231659037622,0.880433820604098,-0.055888500257157
1,8,-0.668058537779725,-3.06775293416794,1.26853228766078,-0.045627385742649
2,8,-0.614468611921596,-1.19083332010487,1.67178453812085,-0.0885564648700394
3,8,-0.655558169235873,-1.81024599331886,1.29250819777304,-0.0699597302512007
4,8,-0.612746597664183,0.62677943422395,-3.37635202240445,0.0357144839072454
5,8,-0.635420016318309,-4.17591150577871,1.51697122744824,-0.0102357959950017
1,3,-0.0124272543059836,-0.277505341739319,1.82752769554783,-0.0374522312137322
2,3,-0.223880842803879,-2.27467415480078,0.445169205997885,-0.101051477066952
3,3,0.00562230550752618,0.834338083205428,-1.43353696553906,-0.0208232528564749
4,3,-0.0272406388690998,0.838415142826338,-1.96540753012964,0.0423821107760705
5,3,0.00938113159333565,-0.554959442166976,2.8666772932735,0.108262063352592
