time_pwRes,time_pwRes_spline,time_iwRes,time_iwRes_spline,time_npde,time_npde_spline,prediction_pwRes,prediction_pwRes_spline,prediction_iwRes,prediction_iwRes_spline,prediction_npde,prediction_npde_spline,split
31.833,0.481656,31.833,0.347318,31.833,0.492142,1.04275,-0.13972,0.185414,0.00918853,1.04275,-0.103452,All
32.9374,0.415757,32.9374,0.332764,32.9374,0.413643,1.05085,-0.15333,0.193409,0.00594573,1.05085,-0.132983,All
34.0801,0.359409,34.0801,0.319174,34.0801,0.346834,1.05261,-0.155877,0.201749,0.00445147,1.05261,-0.137983,All
34.6997,0.330695,34.6997,0.312034,34.6997,0.312847,1.05902,-0.165192,0.210448,0.00322793,1.05902,-0.156263,All
35.2624,0.311587,35.2624,0.306427,35.2624,0.290466,1.06246,-0.170195,0.212316,0.00296521,1.06246,-0.166083,All
36.4858,0.271536,36.4858,0.294424,36.4858,0.243623,1.06725,-0.177146,0.219522,0.00195163,1.06725,-0.179724,All
37.5664,0.247835,37.5664,0.28532,37.5664,0.216456,1.07232,-0.184513,0.228988,0.000620305,1.07232,-0.194183,All
37.7516,0.24442,37.7516,0.283843,37.7516,0.212588,1.07555,-0.189193,0.238861,-0.000768429,1.07555,-0.203367,All
39.0613,0.220273,39.0613,0.273396,39.0613,0.185236,1.08218,-0.198831,0.239217,-0.000818492,1.08218,-0.222283,All
40.4164,0.22543,40.4164,0.266824,40.4164,0.193574,1.0839,-0.201333,0.249161,-0.00221704,1.0839,-0.227195,All
40.433,0.2255,40.433,0.266745,40.433,0.193683,1.09204,-0.213148,0.259904,-0.00372812,1.09204,-0.250383,All
41.8186,0.231274,41.8186,0.260096,41.8186,0.202819,1.09233,-0.213568,0.266119,-0.00460219,1.09233,-0.251207,All
43.2694,0.237321,43.2694,0.253133,43.2694,0.212384,1.10082,-0.225898,0.271111,-0.00530435,1.10082,-0.275406,All
43.2997,0.237447,43.2997,0.252988,43.2997,0.212584,1.1019,-0.227466,0.282801,-0.00694855,1.1019,-0.278483,All
44.7706,0.243577,44.7706,0.24593,44.7706,0.222282,1.10937,-0.23758,0.29302,-0.0083859,1.10937,-0.297605,All
46.1664,0.249395,46.1664,0.239231,46.1664,0.231485,1.11176,-0.239828,0.294995,-0.00866365,1.11176,-0.300831,All
46.3238,0.250051,46.3238,0.238476,46.3238,0.232523,1.118,-0.245452,0.307715,-0.0104527,1.118,-0.308662,All
47.9309,0.256749,47.9309,0.230764,47.9309,0.243119,1.12162,-0.248192,0.319921,-0.0121696,1.12162,-0.311976,All
49.0331,0.264353,49.0331,0.22606,49.0331,0.254026,1.12669,-0.252031,0.320983,-0.0123189,1.12669,-0.316621,All
49.5938,0.270133,49.5938,0.224106,49.5938,0.261877,1.13147,-0.255656,0.334823,-0.0142655,1.13147,-0.321006,All
51.3143,0.28553,51.3143,0.218028,51.3143,0.283096,1.13544,-0.258119,0.346823,-0.0159533,1.13544,-0.323477,All
51.8998,0.288895,51.8998,0.215847,51.8998,0.28802,1.14133,-0.261372,0.34926,-0.0162961,1.14133,-0.326305,All
53.0946,0.294218,53.0946,0.211298,53.0946,0.296176,1.14427,-0.262743,0.36432,-0.0184143,1.14427,-0.327226,All
54.7664,0.294956,54.7664,0.204414,54.7664,0.299379,1.15119,-0.265407,0.373724,-0.019737,1.15119,-0.328353,All
54.9366,0.294426,54.9366,0.203665,54.9366,0.298965,1.15316,-0.266092,0.380029,-0.0206238,1.15316,-0.328542,All
56.8425,0.27663,56.8425,0.194223,56.8425,0.279774,1.16105,-0.267521,0.396415,-0.0229285,1.16105,-0.32713,All
57.6331,0.26613,57.6331,0.190024,57.6331,0.267986,1.16212,-0.26771,0.400626,-0.0235207,1.16212,-0.326928,All
58.8145,0.25044,58.8145,0.183751,58.8145,0.250372,1.17091,-0.268793,0.413508,-0.0253326,1.17091,-0.324601,All
60.4998,0.228057,60.4998,0.174801,60.4998,0.225245,1.17116,-0.268783,0.427527,-0.0273044,1.17116,-0.324476,All
60.855,0.223341,60.855,0.172915,60.855,0.219949,1.18026,-0.268307,0.431338,-0.0278404,1.18026,-0.319743,All
62.9662,0.195301,62.9662,0.161704,62.9662,0.188472,1.18077,-0.268193,0.449937,-0.0304563,1.18077,-0.319369,All
63.3665,0.189985,63.3665,0.159578,63.3665,0.182504,1.18943,-0.266243,0.454428,-0.0310881,1.18943,-0.312981,All
65.1507,0.163151,65.1507,0.149712,65.1507,0.152008,1.19062,-0.265975,0.469337,-0.0331851,1.19062,-0.312102,All
66.2332,0.144966,66.2332,0.143418,66.2332,0.131115,1.19868,-0.26226,0.48133,-0.0348718,1.19868,-0.30417,All
67.4109,0.125843,67.4109,0.136559,67.4109,0.109169,1.20048,-0.261418,0.489575,-0.0360314,1.20048,-0.302382,All
69.0998,0.100728,69.0998,0.126769,69.0998,0.0804606,1.20799,-0.257884,0.508231,-0.0386555,1.20799,-0.294921,All
69.7496,0.0915676,69.7496,0.123025,69.7496,0.0700188,1.21034,-0.255912,0.510684,-0.0390005,1.21034,-0.291917,All
71.9665,0.06325,71.9665,0.110531,71.9665,0.0379356,1.21738,-0.25,0.532704,-0.0420977,1.21738,-0.282913,All
72.1695,0.0611869,72.1695,0.109512,72.1695,0.0356457,1.2202,-0.247633,0.535133,-0.0424392,1.2202,-0.279309,All
74.6732,0.0357341,74.6732,0.0969317,74.6732,0.00739415,1.22684,-0.242054,0.555674,-0.0453283,1.22684,-0.270812,All
74.8332,0.0341079,74.8332,0.0961279,74.8332,0.0055891,1.23006,-0.239354,0.562034,-0.0462229,1.23006,-0.2667,All
77.2639,0.00939832,77.2639,0.0839152,77.2639,-0.0218375,1.23638,-0.233131,0.579634,-0.0486983,1.23638,-0.258142,All
77.6999,0.00496588,77.6999,0.0817245,77.6999,-0.0267574,1.23992,-0.228961,0.588935,-0.0500066,1.23992,-0.253009,All
79.9444,-0.0178512,79.9444,0.0704472,79.9444,-0.0520834,1.24599,-0.221636,0.604627,-0.0522136,1.24599,-0.244147,All
80.5666,-0.0241762,80.5666,0.0673211,80.5666,-0.0591038,1.24977,-0.216623,0.615837,-0.0537903,1.24977,-0.238476,All
82.7179,-0.0431543,82.7179,0.0587101,82.7179,-0.0796679,1.25567,-0.208226,0.630697,-0.0558805,1.25567,-0.229449,All
83.4332,-0.0494442,83.4332,0.0560979,83.4332,-0.0864521,1.25963,-0.202299,0.642738,-0.057574,1.25963,-0.223282,All
85.5876,-0.0685391,85.5876,0.0490552,85.5876,-0.106975,1.26543,-0.193136,0.657892,-0.0597054,1.26543,-0.214055,All
86.2999,-0.0748905,86.2999,0.0469724,86.2999,-0.113783,1.26949,-0.186272,0.66964,-0.0613577,1.26949,-0.207379,All
88.5569,-0.0950556,88.5569,0.0411283,88.5569,-0.135346,1.27527,-0.175996,0.68626,-0.0636953,1.27527,-0.197616,All
89.1666,-0.100496,89.1666,0.0397393,89.1666,-0.141153,1.27935,-0.168729,0.696541,-0.0651414,1.27935,-0.190712,All
91.6292,-0.12234,91.6292,0.0347657,91.6292,-0.164448,1.28518,-0.15782,0.71585,-0.0678573,1.28518,-0.180511,All
92.0333,-0.125876,92.0333,0.0340808,92.0333,-0.168216,1.28921,-0.149841,0.723442,-0.0671051,1.28921,-0.173175,All
94.8081,-0.149893,94.8081,0.0297281,94.8081,-0.193819,1.29517,-0.138047,0.746717,-0.0637648,1.29517,-0.162331,All
94.9,-0.150678,94.9,0.029597,94.9,-0.194657,1.29907,-0.129839,0.750344,-0.0632277,1.29907,-0.154809,All
97.7666,-0.17466,97.7666,0.0258982,97.7666,-0.220269,1.30523,-0.116454,0.777245,-0.0589606,1.30523,-0.142564,All
98.0973,-0.177346,98.0973,0.0255169,98.0973,-0.223143,1.30893,-0.108438,0.778914,-0.0586659,1.30893,-0.13523,All
100.633,-0.197218,100.633,0.0227943,100.633,-0.244485,1.31538,-0.094182,0.804147,-0.0536353,1.31538,-0.122135,All
101.501,-0.203857,101.501,0.021894,101.501,-0.251633,1.31878,-0.0862929,0.8125,-0.0518972,1.31878,-0.114812,All
103.5,-0.218215,103.5,0.0198542,103.5,-0.267202,1.3256,-0.0703625,0.831048,-0.0480377,1.3256,-0.0999588,All
105.022,-0.225738,105.022,0.017322,105.022,-0.275861,1.32864,-0.0630946,0.847534,-0.0441223,1.32864,-0.093108,All
106.367,-0.231251,106.367,0.0147577,106.367,-0.282447,1.3359,-0.0453807,0.857949,-0.0414795,1.3359,-0.0761603,All
108.665,-0.240674,108.665,0.0103744,108.665,-0.293705,1.3385,-0.0389465,0.884078,-0.0344134,1.3385,-0.0699213,All
109.233,-0.243002,109.233,0.00929141,109.233,-0.296486,1.34629,-0.0193582,0.884851,-0.0342045,1.34629,-0.050612,All
112.1,-0.254753,112.1,0.00382512,112.1,-0.310526,1.34836,-0.0140689,0.911752,-0.0258467,1.34836,-0.0453042,All
112.435,-0.256127,112.435,0.00318574,112.435,-0.312168,1.35675,0.00747981,0.922199,-0.0225164,1.35675,-0.0232482,All
114.967,-0.266503,114.967,-0.00164118,114.967,-0.324565,1.35822,0.011252,0.938654,-0.0172705,1.35822,-0.0193649,All
116.336,-0.272117,116.336,-0.00425229,116.336,-0.331272,1.3673,0.0339458,0.961963,-0.00959327,1.3673,0.00442171,All
117.833,-0.278254,117.833,-0.00710748,117.833,-0.338605,1.36808,0.0358187,0.965555,-0.00829197,1.36808,0.00641478,All
120.372,-0.288661,120.372,-0.0119484,120.372,-0.351038,1.37792,0.0594232,0.992456,0.00189946,1.37792,0.0315344,All
120.7,-0.289583,120.7,-0.0127601,120.7,-0.352252,1.37793,0.0594537,1.00344,0.00617705,1.37793,0.031567,All
123.567,-0.289226,123.567,-0.0237544,123.567,-0.355055,1.38779,0.0808766,1.01936,0.0125979,1.38779,0.0546018,All
124.548,-0.288204,124.548,-0.0280424,124.548,-0.355183,1.38863,0.0825244,1.04626,0.024005,1.38863,0.056384,All
126.433,-0.285666,126.433,-0.0366717,126.433,-0.354891,1.39765,0.0981604,1.04671,0.0242045,1.39765,0.0732948,All
128.869,-0.281261,128.869,-0.0486339,128.869,-0.353468,1.39942,0.10114,1.07316,0.0361965,1.39942,0.076517,All
129.3,-0.280338,129.3,-0.0508802,129.3,-0.353081,1.40751,0.112106,1.09184,0.0451967,1.40751,0.0882977,All
132.167,-0.273864,132.167,-0.0663882,132.167,-0.350186,1.4103,0.115091,1.10006,0.0491578,1.4103,0.0914646,All
133.34,-0.271151,133.34,-0.0729528,133.34,-0.348936,1.41737,0.12027,1.12696,0.0627474,1.41737,0.0967612,All
135.033,-0.267451,135.033,-0.0827001,135.033,-0.347317,1.42126,0.121613,1.13892,0.0689579,1.42126,0.0979234,All
137.9,-0.283,137.9,-0.0959613,137.9,-0.364425,1.42723,0.122859,1.15386,0.0768722,1.42723,0.0987539,All
137.966,-0.28355,137.966,-0.0962364,137.966,-0.364994,1.43231,0.123525,1.18077,0.0915901,1.43231,0.098978,All
140.767,-0.30697,140.767,-0.107952,140.767,-0.389198,1.43709,0.123514,1.18803,0.0955606,1.43709,0.0983506,All
142.752,-0.323572,142.752,-0.116256,142.752,-0.406356,1.44344,0.123833,1.20767,0.106143,1.44344,0.0976798,All
143.634,-0.33094,143.634,-0.119942,143.634,-0.413971,1.44694,0.124009,1.23457,0.119805,1.44694,0.0973099,All
146.5,-0.35491,146.5,-0.131932,146.5,-0.438744,1.45466,0.124395,1.23925,0.122123,1.45466,0.0964954,All
147.705,-0.364983,147.705,-0.136971,147.705,-0.449154,1.4568,0.124718,1.26147,0.131822,1.4568,0.0964859,All
149.367,-0.37888,149.367,-0.143922,149.367,-0.463517,1.46597,0.130234,1.28837,0.141757,1.46597,0.100616,All
152.234,-0.402851,152.234,-0.155912,152.234,-0.48829,1.46666,0.130934,1.29269,0.143121,1.46666,0.101224,All
152.829,-0.407831,152.829,-0.158404,152.829,-0.493437,1.47652,0.14397,1.31527,0.148558,1.47652,0.113141,All
155.1,-0.426821,155.1,-0.167903,155.1,-0.513063,1.47736,0.14553,1.34217,0.151425,1.47736,0.114634,All
157.967,-0.450791,157.967,-0.179893,157.967,-0.537836,1.48638,0.166817,1.34843,0.151559,1.48638,0.135504,All
158.131,-0.452165,158.131,-0.18058,158.131,-0.539256,1.48884,0.174166,1.36908,0.149845,1.48884,0.142847,All
160.834,-0.474761,160.834,-0.191883,160.834,-0.562609,1.49624,0.195329,1.39598,0.144742,1.49624,0.163923,All
163.617,-0.498038,163.617,-0.203526,163.617,-0.586665,1.50041,0.207138,1.40657,0.141124,1.50041,0.175672,All
163.7,-0.498731,163.7,-0.203873,163.7,-0.587382,1.50609,0.223028,1.42288,0.134088,1.50609,0.191468,All
166.567,-0.522702,166.567,-0.215864,166.567,-0.612154,1.51207,0.229698,1.44978,0.118281,1.51207,0.197312,All
169.294,-0.562088,169.294,-0.223458,169.294,-0.650861,1.51595,0.228617,1.46722,0.10692,1.51595,0.195307,All
169.434,-0.565963,169.434,-0.22342,169.434,-0.65454,1.52383,0.208311,1.47668,0.101865,1.52383,0.171822,All
172.3,-0.654322,172.3,-0.220318,172.3,-0.73811,1.52581,0.193977,1.50358,0.0986936,1.52581,0.156024,All
175.167,-0.755404,175.167,-0.213879,175.167,-0.833311,1.53567,0.118293,1.53048,0.119758,1.53567,0.0727476,All
