time,median,p5,p15,p25,p35,p45,p55,p65,p75,p85,p95,split
2.22045e-16,3.87831e-14,1.84647e-14,2.47184e-14,2.92347e-14,3.35199e-14,3.7106e-14,4.05115e-14,4.39546e-14,4.8118e-14,5.47544e-14,7.27107e-14,All
3.08757e-16,5.32122e-14,3.27982e-14,3.93432e-14,4.37962e-14,4.7687e-14,5.13957e-14,5.50038e-14,5.92329e-14,6.49289e-14,7.47242e-14,9.81252e-14,All
4.29331e-16,7.29124e-14,4.89478e-14,5.68935e-14,6.18939e-14,6.63618e-14,7.06253e-14,7.52312e-14,8.08752e-14,8.86062e-14,1.0371e-13,1.31113e-13,All
5.96992e-16,1.01169e-13,7.22224e-14,8.1561e-14,8.77188e-14,9.30927e-14,9.85096e-14,1.0444e-13,1.11321e-13,1.23369e-13,1.44132e-13,1.79047e-13,All
8.30127e-16,1.39165e-13,1.03022e-13,1.14935e-13,1.22121e-13,1.2887e-13,1.35654e-13,1.43097e-13,1.53409e-13,1.71035e-13,2.00578e-13,2.49359e-13,All
1.15431e-15,1.92709e-13,1.45295e-13,1.60507e-13,1.7048e-13,1.79316e-13,1.8838e-13,1.98225e-13,2.11823e-13,2.38232e-13,2.79289e-13,3.44401e-13,All
1.60508e-15,2.67476e-13,2.0487e-13,2.24785e-13,2.37685e-13,2.49072e-13,2.61372e-13,2.75135e-13,2.94265e-13,3.31537e-13,3.88434e-13,4.79279e-13,All
2.23189e-15,3.72314e-13,2.85612e-13,3.12693e-13,3.30974e-13,3.46621e-13,3.63382e-13,3.8236e-13,4.08654e-13,4.59563e-13,5.39108e-13,6.63482e-13,All
3.10348e-15,5.17735e-13,3.97297e-13,4.36318e-13,4.60026e-13,4.81717e-13,5.04936e-13,5.31054e-13,5.67988e-13,6.41094e-13,7.50978e-13,9.25995e-13,All
4.31544e-15,7.19055e-13,5.53039e-13,6.07068e-13,6.3984e-13,6.70935e-13,7.00926e-13,7.3984e-13,7.90368e-13,8.90583e-13,1.04447e-12,1.28447e-12,All
6.00069e-15,9.99132e-13,7.68522e-13,8.43381e-13,8.89298e-13,9.32924e-13,9.7545e-13,1.02645e-12,1.09694e-12,1.23722e-12,1.45002e-12,1.78456e-12,All
8.34406e-15,1.38842e-12,1.07032e-12,1.17529e-12,1.23725e-12,1.29659e-12,1.35629e-12,1.42747e-12,1.5253e-12,1.72287e-12,2.01902e-12,2.48063e-12,All
1.16025e-14,1.93202e-12,1.48619e-12,1.63231e-12,1.72156e-12,1.80411e-12,1.8856e-12,1.98484e-12,2.11925e-12,2.39365e-12,2.80446e-12,3.44987e-12,All
1.61335e-14,2.68643e-12,2.06809e-12,2.27105e-12,2.39298e-12,2.508e-12,2.62467e-12,2.75785e-12,2.94878e-12,3.33153e-12,3.90527e-12,4.80219e-12,All
2.24339e-14,3.73363e-12,2.87347e-12,3.15902e-12,3.32716e-12,3.48711e-12,3.6471e-12,3.83485e-12,4.10147e-12,4.62686e-12,5.4299e-12,6.66843e-12,All
3.11948e-14,5.19191e-12,3.9952e-12,4.39589e-12,4.62673e-12,4.84661e-12,5.07306e-12,5.33633e-12,5.70141e-12,6.44009e-12,7.55083e-12,9.27875e-12,All
4.33768e-14,7.21947e-12,5.56027e-12,6.10964e-12,6.4295e-12,6.74235e-12,7.05298e-12,7.4142e-12,7.92391e-12,8.94796e-12,1.04947e-11,1.29157e-11,All
6.03162e-14,1.0039e-11,7.73009e-12,8.49758e-12,8.94216e-12,9.37408e-12,9.80369e-12,1.03122e-11,1.10215e-11,1.24479e-11,1.45934e-11,1.79513e-11,All
8.38706e-14,1.39573e-11,1.07476e-11,1.18156e-11,1.24377e-11,1.30343e-11,1.36338e-11,1.43398e-11,1.53283e-11,1.73049e-11,2.02942e-11,2.49324e-11,All
1.16623e-13,1.94095e-11,1.49413e-11,1.64202e-11,1.72911e-11,1.81301e-11,1.89594e-11,1.99395e-11,2.13185e-11,2.40557e-11,2.82119e-11,3.46843e-11,All
1.62167e-13,2.69884e-11,2.07775e-11,2.28382e-11,2.40456e-11,2.52087e-11,2.63607e-11,2.77311e-11,2.96427e-11,3.34607e-11,3.92167e-11,4.82136e-11,All
2.25496e-13,3.75301e-11,2.88893e-11,3.17646e-11,3.34367e-11,3.50539e-11,3.66563e-11,3.85515e-11,4.12105e-11,4.65235e-11,5.45387e-11,6.70926e-11,All
3.13555e-13,5.21882e-11,4.01803e-11,4.41613e-11,4.64915e-11,4.87409e-11,5.09654e-11,5.36118e-11,5.73037e-11,6.46927e-11,7.58318e-11,9.32948e-11,All
4.36004e-13,7.25561e-11,5.58751e-11,6.14072e-11,6.46458e-11,6.77778e-11,7.08667e-11,7.45396e-11,7.9673e-11,8.99474e-11,1.05452e-10,1.29706e-10,All
6.06271e-13,1.00901e-10,7.76851e-11,8.53911e-11,8.99045e-11,9.42507e-11,9.85462e-11,1.03643e-10,1.10812e-10,1.25082e-10,1.4663e-10,1.80324e-10,All
8.43029e-13,1.40305e-10,1.08028e-10,1.18736e-10,1.25024e-10,1.3105e-10,1.37031e-10,1.44122e-10,1.54067e-10,1.73915e-10,2.03894e-10,2.50751e-10,All
1.17225e-12,1.95066e-10,1.50209e-10,1.65118e-10,1.73836e-10,1.82229e-10,1.9055e-10,2.00401e-10,2.14228e-10,2.41853e-10,2.83518e-10,3.48631e-10,All
1.63003e-12,2.71272e-10,2.08867e-10,2.29575e-10,2.41707e-10,2.53389e-10,2.64965e-10,2.78659e-10,2.97898e-10,3.36294e-10,3.94228e-10,4.84839e-10,All
2.26658e-12,3.77197e-10,2.90434e-10,3.19237e-10,3.36103e-10,3.52339e-10,3.6842e-10,3.87498e-10,4.14238e-10,4.67613e-10,5.48181e-10,6.74113e-10,All
3.15172e-12,5.24516e-10,4.0387e-10,4.439e-10,4.67375e-10,4.89938e-10,5.12285e-10,5.38806e-10,5.76e-10,6.50237e-10,7.62244e-10,9.37412e-10,All
4.38251e-12,7.29328e-10,5.61572e-10,6.17239e-10,6.49878e-10,6.81256e-10,7.1236e-10,7.49241e-10,8.0093e-10,9.04164e-10,1.05992e-09,1.30351e-09,All
6.09395e-12,1.01413e-09,7.80883e-10,8.58302e-10,9.03688e-10,9.47303e-10,9.90534e-10,1.04183e-09,1.11372e-09,1.25727e-09,1.47384e-09,1.81247e-09,All
8.47374e-12,1.41018e-09,1.08585e-09,1.19347e-09,1.25659e-09,1.31725e-09,1.37736e-09,1.44866e-09,1.54863e-09,1.74825e-09,2.04939e-09,2.52032e-09,All
1.17829e-11,1.96089e-09,1.5099e-09,1.65956e-09,1.7473e-09,1.83164e-09,1.91523e-09,2.01438e-09,2.1534e-09,2.43097e-09,2.84972e-09,3.50451e-09,All
1.63843e-11,2.72663e-09,2.09951e-09,2.30763e-09,2.42965e-09,2.54693e-09,2.66317e-09,2.80105e-09,2.99433e-09,3.38029e-09,3.96258e-09,4.8731e-09,All
2.27826e-11,3.79146e-09,2.91941e-09,3.2088e-09,3.37847e-09,3.54155e-09,3.70319e-09,3.89489e-09,4.16367e-09,4.70035e-09,5.51002e-09,6.77619e-09,All
3.16796e-11,5.27205e-09,4.05948e-09,4.46189e-09,4.69781e-09,4.92458e-09,5.14936e-09,5.41593e-09,5.78966e-09,6.5359e-09,7.66178e-09,9.4223e-09,All
4.4051e-11,7.3309e-09,5.64479e-09,6.20432e-09,6.53239e-09,6.84773e-09,7.16027e-09,7.53094e-09,8.0506e-09,9.08829e-09,1.06538e-08,1.31019e-08,All
6.12536e-11,1.01937e-08,7.84918e-09,8.6272e-09,9.08339e-09,9.52188e-09,9.95645e-09,1.04719e-08,1.11945e-08,1.26374e-08,1.48143e-08,1.82185e-08,All
8.51742e-11,1.41746e-08,1.09144e-08,1.19963e-08,1.26306e-08,1.32403e-08,1.38446e-08,1.45613e-08,1.55661e-08,1.75725e-08,2.05996e-08,2.5333e-08,All
1.18436e-10,1.971e-08,1.51767e-08,1.6681e-08,1.75631e-08,1.84109e-08,1.92512e-08,2.02478e-08,2.1645e-08,2.44349e-08,2.86441e-08,3.5226e-08,All
1.64687e-10,2.7407e-08,2.11034e-08,2.31952e-08,2.44217e-08,2.56006e-08,2.67691e-08,2.81549e-08,3.00977e-08,3.39771e-08,3.983e-08,4.89824e-08,All
2.29e-10,3.81099e-08,2.93446e-08,3.22533e-08,3.39588e-08,3.55981e-08,3.72229e-08,3.91498e-08,4.18513e-08,4.72458e-08,5.53843e-08,6.81107e-08,All
3.18429e-10,5.29924e-08,4.08042e-08,4.48488e-08,4.72203e-08,4.94997e-08,5.1759e-08,5.44384e-08,5.81949e-08,6.5696e-08,7.70128e-08,9.47091e-08,All
4.4278e-10,7.36868e-08,5.67389e-08,6.23629e-08,6.56606e-08,6.88302e-08,7.19717e-08,7.56975e-08,8.0921e-08,9.13513e-08,1.07087e-07,1.31695e-07,All
6.15694e-10,1.02463e-07,7.88963e-08,8.67167e-08,9.13021e-08,9.57095e-08,1.00078e-07,1.05259e-07,1.12522e-07,1.27026e-07,1.48907e-07,1.83123e-07,All
8.56132e-10,1.42476e-07,1.09707e-07,1.20581e-07,1.26957e-07,1.33086e-07,1.3916e-07,1.46364e-07,1.56464e-07,1.76631e-07,2.07057e-07,2.54636e-07,All
1.19047e-09,1.98115e-07,1.52549e-07,1.6767e-07,1.76536e-07,1.85058e-07,1.93504e-07,2.03521e-07,2.17565e-07,2.45608e-07,2.87917e-07,3.54076e-07,All
1.65536e-09,2.75483e-07,2.12122e-07,2.33148e-07,2.45476e-07,2.57326e-07,2.69071e-07,2.83e-07,3.02528e-07,3.41523e-07,4.00353e-07,4.92348e-07,All
2.30181e-09,3.83063e-07,2.94959e-07,3.24196e-07,3.41339e-07,3.57816e-07,3.74147e-07,3.93516e-07,4.2067e-07,4.74893e-07,5.56697e-07,6.84618e-07,All
3.2007e-09,5.32656e-07,4.10145e-07,4.50799e-07,4.74637e-07,4.97549e-07,5.20258e-07,5.4719e-07,5.84949e-07,6.60346e-07,7.74097e-07,9.51972e-07,All
4.45063e-09,7.40666e-07,5.70313e-07,6.26844e-07,6.5999e-07,6.9185e-07,7.23427e-07,7.60877e-07,8.13381e-07,9.18222e-07,1.07639e-06,1.32373e-06,All
6.18867e-09,1.02991e-06,7.9303e-07,8.71636e-07,9.17727e-07,9.62028e-07,1.00594e-06,1.05801e-06,1.13102e-06,1.2768e-06,1.49674e-06,1.84067e-06,All
8.60545e-09,1.4321e-06,1.10272e-06,1.21202e-06,1.27611e-06,1.33772e-06,1.39877e-06,1.47118e-06,1.5727e-06,1.77541e-06,2.08125e-06,2.55949e-06,All
1.1966e-08,1.99136e-06,1.53335e-06,1.68534e-06,1.77446e-06,1.86012e-06,1.94501e-06,2.0457e-06,2.18687e-06,2.46874e-06,2.89401e-06,3.55901e-06,All
1.66389e-08,2.76903e-06,2.13215e-06,2.34349e-06,2.46741e-06,2.58652e-06,2.70457e-06,2.84458e-06,3.04087e-06,3.43283e-06,4.02416e-06,4.94886e-06,All
2.31367e-08,3.85037e-06,2.96479e-06,3.25867e-06,3.43098e-06,3.5966e-06,3.76075e-06,3.95544e-06,4.22838e-06,4.7734e-06,5.59567e-06,6.88147e-06,All
3.2172e-08,5.35401e-06,4.12259e-06,4.53123e-06,4.77083e-06,5.00113e-06,5.22939e-06,5.5001e-06,5.87964e-06,6.63749e-06,7.78087e-06,9.56879e-06,All
4.47357e-08,7.44484e-06,5.73253e-06,6.30075e-06,6.63392e-06,6.95416e-06,7.27155e-06,7.64798e-06,8.17573e-06,9.22955e-06,1.08194e-05,1.33056e-05,All
6.22057e-08,1.03522e-05,7.97117e-06,8.76129e-06,9.22457e-06,9.66987e-06,1.01112e-05,1.06346e-05,1.13685e-05,1.28338e-05,1.50446e-05,1.85016e-05,All
8.6498e-08,1.43949e-05,1.1084e-05,1.21827e-05,1.28269e-05,1.34461e-05,1.40598e-05,1.47876e-05,1.58081e-05,1.78457e-05,2.09197e-05,2.57268e-05,All
1.20277e-07,2.00163e-05,1.54125e-05,1.69403e-05,1.7836e-05,1.8697e-05,1.95504e-05,2.05625e-05,2.19814e-05,2.48147e-05,2.90892e-05,3.57735e-05,All
1.67247e-07,2.7833e-05,2.14314e-05,2.35557e-05,2.48013e-05,2.59985e-05,2.71851e-05,2.85924e-05,3.05655e-05,3.45052e-05,4.04491e-05,4.97436e-05,All
2.3256e-07,3.87022e-05,2.98007e-05,3.27546e-05,3.44866e-05,3.61514e-05,3.78014e-05,3.97582e-05,4.25018e-05,4.79801e-05,5.62451e-05,6.91693e-05,All
3.23378e-07,5.3816e-05,4.14384e-05,4.55458e-05,4.79542e-05,5.0269e-05,5.25634e-05,5.52845e-05,5.90994e-05,6.6717e-05,7.82097e-05,9.61811e-05,All
4.49662e-07,7.48321e-05,5.76207e-05,6.33322e-05,6.6681e-05,6.98999e-05,7.30902e-05,7.68739e-05,8.21787e-05,9.27711e-05,0.000108752,0.000133741,All
6.25263e-07,0.000104055,8.01225e-05,8.80644e-05,9.2721e-05,9.71969e-05,0.000101633,0.000106894,0.000114271,0.000129,0.000151221,0.00018597,All
8.69438e-07,0.00014469,0.000111412,0.000122455,0.00012893,0.000135154,0.000141322,0.000148638,0.000158895,0.000179376,0.000210276,0.000258594,All
1.20897e-06,0.000201194,0.00015492,0.000170276,0.000179279,0.000187933,0.000196511,0.000206684,0.000220947,0.000249426,0.000292391,0.000359579,All
1.68109e-06,0.000279764,0.000215418,0.000236771,0.00024929,0.000261324,0.000273251,0.000287397,0.00030723,0.00034683,0.000406575,0.0005,All
2.33758e-06,0.000389016,0.000299543,0.000329234,0.000346641,0.000363374,0.00037996,0.000399629,0.000427208,0.000482273,0.000565349,0.000695258,All
3.25045e-06,0.000540922,0.000416519,0.000457804,0.000482008,0.000505276,0.000528339,0.000555689,0.000594039,0.000670608,0.000786127,0.000966767,All
4.5198e-06,0.0007521,0.000579175,0.000636584,0.000670236,0.000702591,0.000734661,0.000772691,0.000826021,0.00093249,0.00109312,0.0013443,All
6.28486e-06,0.0010458,0.000805352,0.000885179,0.000931968,0.000976959,0.00102156,0.00107443,0.00114859,0.00129664,0.00152,0.00186927,All
8.73919e-06,0.0014542,0.00111985,0.00123085,0.0012959,0.00135847,0.00142049,0.00149401,0.00159714,0.001803,0.00211359,0.00259925,All
1.2152e-05,0.00202208,0.00155717,0.00171149,0.00180195,0.00188895,0.00197521,0.00207742,0.00222084,0.00250709,0.00293897,0.0036143,All
1.68975e-05,0.00281172,0.00216526,0.0023798,0.0025056,0.00262659,0.00274655,0.00288864,0.00308811,0.00348614,0.00408668,0.00502573,All
2.34963e-05,0.00390972,0.00301082,0.00330906,0.00348399,0.00365226,0.0038191,0.00401662,0.00429405,0.00484751,0.00568257,0.00698833,All
3.2672e-05,0.00543647,0.00418656,0.00460111,0.00484437,0.00507842,0.00531047,0.00558501,0.00597092,0.0067405,0.00790168,0.00971735,All
4.5431e-05,0.00755941,0.00582143,0.00639762,0.00673584,0.00706141,0.00738414,0.00776573,0.00830262,0.00937269,0.0109873,0.013512,All
6.31725e-05,0.0105112,0.00809468,0.00889587,0.00936577,0.00981857,0.0102675,0.010798,0.0115448,0.0130327,0.015278,0.0187885,All
8.78424e-05,0.0146136,0.0112554,0.0123696,0.0130223,0.0136519,0.0142766,0.0150144,0.0160528,0.0181219,0.021244,0.0261254,All
0.000122146,0.0203193,0.0156494,0.0171997,0.0181067,0.0189826,0.0198508,0.0208768,0.0223176,0.0251982,0.029537,0.0363272,All
0.000169846,0.0282501,0.0217578,0.0239156,0.025175,0.0263944,0.0276013,0.0290278,0.0310283,0.0350373,0.0410649,0.0505124,All
0.000236174,0.0392774,0.030248,0.0332521,0.0349979,0.0366869,0.0383741,0.0403555,0.0431441,0.0487176,0.0571002,0.0702359,All
0.000328404,0.0546113,0.0420455,0.0462332,0.0486502,0.0510104,0.0533525,0.0560911,0.0599903,0.0677382,0.0793959,0.0976595,All
0.000456651,0.0759282,0.0584551,0.0642704,0.0676291,0.0709225,0.0741771,0.077975,0.0834132,0.0941572,0.110396,0.135788,All
0.000634981,0.105517,0.0812669,0.0893474,0.094003,0.0985857,0.103105,0.108402,0.115953,0.130899,0.153448,0.188798,All
0.000882951,0.146685,0.112959,0.124184,0.130645,0.137039,0.143283,0.150683,0.161219,0.181927,0.213316,0.262344,All
0.00122776,0.203904,0.156982,0.172606,0.181584,0.190375,0.1991,0.209422,0.224093,0.252686,0.296434,0.364718,All
0.00170722,0.283351,0.218059,0.239824,0.252278,0.264515,0.276533,0.29096,0.311339,0.350986,0.411508,0.506945,All
0.00237391,0.393435,0.302886,0.332904,0.350456,0.367564,0.384003,0.404105,0.432441,0.487484,0.571503,0.704526,All
0.00330097,0.546238,0.420379,0.461881,0.486722,0.510293,0.533421,0.561182,0.600671,0.676604,0.79388,0.978376,All
0.00459005,0.75814,0.583673,0.641238,0.675297,0.70799,0.740443,0.778945,0.833482,0.938585,1.10067,1.35777,All
0.00638254,1.05168,0.809151,0.888726,0.936726,0.981803,1.02713,1.07972,1.15556,1.30043,1.52713,1.88384,All
0.00887502,1.45755,1.12082,1.23159,1.29768,1.36009,1.4229,1.49716,1.60124,1.80302,2.11757,2.60866,All
0.0123409,2.01825,1.55091,1.70396,1.79621,1.88233,1.97025,2.07295,2.21871,2.49814,2.92966,3.61543,All
0.0171602,2.79158,2.13993,2.34823,2.48044,2.59904,2.72405,2.86595,3.06759,3.44785,4.04973,4.99699,All
0.0238615,3.8534,2.94226,3.23386,3.42121,3.58481,3.76172,3.96092,4.2354,4.74727,5.58044,6.89062,All
0.0331798,5.31428,4.03759,4.4417,4.70679,4.93491,5.17824,5.45592,5.83289,6.51381,7.67976,9.48745,All
0.0461371,7.30146,5.49706,6.09408,6.45877,6.7775,7.11998,7.49457,8.01612,8.94687,10.5344,13.0242,All
0.0641543,9.9973,7.41739,8.32047,8.83738,9.28093,9.75608,10.2777,10.9819,12.2464,14.4514,17.8723,All
0.0892076,13.6402,9.95065,11.282,12.0422,12.6474,13.2953,14.0463,14.9961,16.6405,19.7055,24.4258,All
0.124045,18.5498,13.2824,15.1855,16.2864,17.1809,18.0618,19.1008,20.3915,22.5416,26.6829,33.3391,All
0.172486,25.0823,17.5165,20.399,21.9812,23.2158,24.398,25.8186,27.5373,30.3848,36.0105,45.1647,All
0.239845,33.6631,22.8773,27.1336,29.3708,31.113,32.7463,34.6043,36.9623,40.7754,48.1492,60.8872,All
0.333508,44.6261,29.3436,35.5509,38.7674,41.2197,43.4818,45.8913,48.8339,53.2903,60.9691,71.6836,All
0.463749,55.3419,35.078,43.8067,48.3381,51.3372,54.1494,56.5659,59.0129,61.743,65.3501,71.1943,All
0.64485,51.1738,29.2132,38.6079,43.3518,46.7842,49.9727,52.4169,55.0258,57.6009,61.1342,66.824,All
0.896674,43.1376,23.3795,31.5323,35.984,39.1897,42.0145,44.3292,46.7211,49.131,52.0674,57.2909,All
1.24684,35.1887,19.2383,25.3128,29.0763,31.8987,34.1248,36.2213,38.2614,40.4807,43.1481,47.8797,All
1.40134,32.3644,17.6119,23.2399,26.6201,29.29,31.4465,33.3535,35.3334,37.4918,40.0816,44.7146,All
1.73375,27.4395,14.7054,19.5403,22.3785,24.6253,26.5608,28.2772,30.122,32.1346,34.5888,38.8937,All
2.41081,20.1861,10.561,14.0625,16.215,17.8918,19.468,20.908,22.5497,24.3606,26.5583,30.4911,All
2.80267,17.1988,8.69057,11.728,13.6572,15.1347,16.5007,17.8588,19.3735,21.0848,23.2453,26.908,All
3.35227,13.9799,6.56763,9.11805,10.8201,12.1161,13.3851,14.6092,15.8956,17.3876,19.4223,22.8152,All
4.20401,10.3965,4.27703,6.26666,7.58964,8.80538,9.89662,10.9327,12.045,13.338,15.066,18.0764,All
4.66139,8.96509,3.37314,5.12192,6.3813,7.42623,8.44807,9.49249,10.5211,11.6704,13.2975,16.1072,All
5.60534,6.6391,2.06287,3.41359,4.42832,5.30848,6.18204,7.12058,8.05785,9.08738,10.4388,12.9461,All
6.48174,5.12222,1.3254,2.36607,3.18191,3.90828,4.70165,5.51176,6.34163,7.33196,8.55492,10.7102,All
7.00668,4.38394,1.01367,1.90675,2.62982,3.28844,4.00427,4.7445,5.54909,6.46754,7.65162,9.6658,All
8.40802,53.7248,36.8473,43.6108,47.2831,50.16,52.5958,54.9003,57.592,60.5403,64.565,71.5161,All
9.01296,41.8113,25.6162,31.8996,35.4933,38.3316,40.6634,42.9431,45.1308,47.5509,50.5698,55.822,All
9.80935,28.0093,17.0593,20.9947,23.5108,25.3884,27.1135,28.8801,30.5486,32.7644,35.4175,40.1606,All
11.2107,16.137,8.13046,10.8471,12.6137,14.1628,15.5132,16.7749,18.2643,19.9452,22.2404,26.2819,All
12.5327,10.4001,4.00824,5.99144,7.43435,8.61333,9.78559,11.0319,12.3017,13.7837,15.6286,19.1854,All
12.612,10.1366,3.83875,5.77739,7.19065,8.37369,9.53133,10.7773,12.034,13.4931,15.3328,18.8324,All
14.0134,6.62462,1.83878,3.19483,4.17334,5.09014,6.11466,7.11384,8.28567,9.56124,11.3048,14.1687,All
15.4147,4.58696,0.923862,1.80026,2.54283,3.31188,4.14451,5.06232,6.20409,7.64818,9.74584,26.5143,All
16.816,47.5583,30.1008,36.7492,40.6516,43.6169,46.3085,48.7753,51.1925,53.8557,56.9899,62.5061,All
17.4269,33.9615,21.8428,26.1417,28.8497,31.1506,33.0026,34.9243,36.8467,39.0755,41.9275,47.018,All
18.2174,23.8797,14.4507,17.8891,19.9262,21.6006,23.1351,24.6556,26.379,28.3197,30.9196,35.7349,All
19.6187,14.3824,6.7748,9.31679,11.0007,12.4274,13.7113,15.0496,16.5369,18.1576,20.3474,24.411,All
21.02,9.20399,3.21065,5.01771,6.27554,7.42304,8.60478,9.82219,11.0918,12.6424,14.5658,18.0682,All
22.4214,6.06937,1.564,2.78318,3.69255,4.58125,5.54642,6.53217,7.73063,9.07029,10.9211,14.0883,All
23.8227,4.23354,0.782902,1.56669,2.24977,3.01457,3.78923,4.71928,5.87644,7.43701,9.68669,56.5707,All
24.2324,37.3034,27.048,30.5313,32.5841,34.4182,36.3105,38.5074,41.5412,46.5693,53.1984,65.7446,All
25.224,37.821,24.5757,29.143,32.3568,34.7279,36.8279,38.8225,40.8637,43.2197,46.1604,51.4295,All
26.6254,20.5644,11.8274,14.9675,16.8405,18.4851,19.8591,21.2549,22.925,24.7186,27.2781,31.8428,All
28.0267,12.7017,5.56346,7.86236,9.43053,10.7634,12.068,13.3671,14.847,16.4489,18.5427,22.6067,All
29.4281,8.22804,2.65563,4.30411,5.43956,6.4919,7.65163,8.8008,10.0855,11.6169,13.5848,17.0767,All
30.8294,5.42671,1.30011,2.37396,3.22359,4.064,4.96628,5.89572,7.07131,8.40021,10.3545,13.6706,All
32.2307,37.2467,26.9573,30.4247,32.4748,34.3044,36.1993,38.4264,41.5152,46.5075,53.0592,65.6292,All
33.6321,31.0321,20.3392,23.9895,26.3819,28.3647,30.164,31.8796,33.686,35.9287,38.7633,43.8514,All
33.6955,30.1244,19.6165,23.3045,25.5838,27.5144,29.2818,31.0054,32.7787,35.0047,37.7727,42.8105,All
35.0334,17.8324,9.60511,12.4371,14.2026,15.7928,17.1878,18.5307,20.1123,21.8542,24.1767,28.7417,All
36.4347,11.218,4.52168,6.62851,8.04283,9.32768,10.6271,11.8622,13.2763,14.874,16.9693,20.8746,All
37.8361,7.31434,2.15494,3.63424,4.6986,5.69609,6.78101,7.87611,9.13096,10.6097,12.5952,16.1568,All
39.2374,4.86445,1.07597,2.01338,2.77185,3.5863,4.4219,5.33992,6.4254,7.79416,9.67981,13.0772,All
40.6387,53.6788,7.67772,39.3554,45.3219,49.3209,52.3321,55.0655,57.8117,60.6553,64.2053,70.0092,All
42.0401,25.4367,6.07159,18.0937,20.9704,22.9729,24.5982,26.3058,28.0641,30.2947,32.9824,38.0338,All
43.4414,15.0264,4.25116,9.02173,11.1036,12.808,14.2565,15.6947,17.222,19.0501,21.2219,25.6477,All
44.8428,9.38924,2.21587,4.72509,6.23887,7.44249,8.69921,10.0751,11.4151,13.0649,15.1203,19.0763,All
46.2441,6.09272,1.16058,2.57747,3.5905,4.53828,5.53378,6.60527,7.85816,9.2809,11.3105,14.9271,All
46.8541,5.06148,0.859545,2.00791,2.86591,3.68693,4.60172,5.54487,6.70581,8.06064,10.0935,13.5323,All
47.6454,4.03447,0.589102,1.45242,2.14863,2.82854,3.64663,4.45198,5.49836,6.77875,8.69707,12.0524,All
49.0468,41.4366,2.06861,29.9777,34.6511,37.8155,40.3012,42.5898,44.905,47.3722,50.6333,55.9571,All
50.4481,21.6151,1.69888,14.7642,17.3285,19.3077,20.8773,22.3373,24.0891,26.0175,28.6317,33.5988,All
51.8494,13.0684,1.37495,7.3166,9.29866,10.9014,12.3246,13.7523,15.2501,16.9754,19.2039,23.3242,All
53.2508,8.23519,0.947499,3.76305,5.24169,6.39593,7.58957,8.90967,10.1941,11.8178,13.8416,17.7149,All
54.6521,5.34117,0.570664,1.98672,2.97275,3.88547,4.86568,5.85457,7.02657,8.45819,10.4626,13.9757,All
56.0534,11.7103,0.435354,2.69409,7.93288,9.81028,11.1102,12.3652,13.8098,15.4845,17.8594,23.4396,All
57.4548,31.0169,0.252796,1.81181,7.22406,25.4583,29.4241,32.2159,34.8005,37.4768,40.7381,46.3606,All
58.8561,16.8759,0.1391,1.24296,5.85469,13.0431,15.745,17.8265,19.6823,21.8994,24.5843,29.5331,All
60.2574,9.85988,0.077393,0.8599,3.81988,6.90691,8.92451,10.7209,12.4736,14.4259,16.8276,21.1229,All
61.6588,5.98965,0.0424055,0.604647,2.21607,3.95443,5.34849,6.72812,8.22282,9.95168,12.2006,16.0927,All
63.0601,3.85558,0.0234565,0.420804,1.30732,2.36149,3.29287,4.40996,5.5727,7.08387,9.15218,12.8418,All
64.4615,54.3709,0.0126834,0.317806,2.99355,46.4483,52.2663,56.3035,59.8253,63.2144,67.3668,73.8724,All
65.1514,36.2233,0.00965993,0.266577,2.8049,29.7272,34.5154,37.6783,40.5367,43.4681,46.9449,52.7972,All
65.8628,25.5222,0.00741002,0.223146,2.63605,20.9374,24.3104,26.6695,28.9322,31.3553,34.6023,39.8439,All
67.2641,14.3577,0.00401961,0.160942,2.26225,10.7254,13.2876,15.3311,17.1547,19.2812,21.8528,26.4652,All
68.6655,8.43607,0.00223685,0.113908,1.80632,5.62641,7.58727,9.30392,11.0631,12.9282,15.2444,19.5299,All
70.0668,5.16655,0.00132478,0.0843455,1.1961,3.13026,4.49195,5.84746,7.28589,9.01513,11.1666,15.0511,All
71.4681,3.26112,0.000710275,0.0598381,0.719014,1.80626,2.73098,3.83015,4.93383,6.4057,8.42147,12.1066,All
72.8695,8.88757,0.000375967,0.0442839,0.634653,2.27635,5.39151,28.8685,40.3068,46.008,50.9774,57.6156,All
74.2708,7.19305,0.000216666,0.0322671,0.440234,1.54859,4.13268,14.9234,20.2819,23.3374,26.6562,31.8584,All
75.6721,5.42706,0.000124172,0.0222748,0.296535,1.09026,3.11141,8.01812,11.5718,14.2154,16.9585,21.1357,All
77.0735,3.5335,6.96973e-05,0.0149249,0.199323,0.783844,2.26526,4.7091,6.93182,9.16158,11.6761,15.572,All
78.4748,2.25571,3.94409e-05,0.00922105,0.131276,0.562928,1.57419,2.95143,4.40945,6.10991,8.33529,11.9865,All
79.8762,1.4635,2.2067e-05,0.00581633,0.0878829,0.397193,1.02719,1.91289,2.93451,4.25176,6.13265,9.50728,All
81.2775,3.01175,1.1955e-05,0.00348571,0.0622844,0.329416,1.29018,24.66,33.6209,38.5398,43.6143,53.3438,All
82.6788,2.56451,6.27745e-06,0.00228349,0.0421962,0.249236,1.06295,12.5112,17.997,21.0705,24.3553,29.8065,All
84.0802,2.22196,3.66938e-06,0.00135195,0.0275943,0.188679,0.862642,6.36179,10.2667,12.9546,15.6812,19.8865,All
85.4815,1.757,1.97038e-06,0.0008273,0.0192486,0.144305,0.720807,3.48175,6.05676,8.26347,10.8229,14.6214,All
86.8828,1.19962,1.08595e-06,0.000494834,0.0125722,0.108578,0.572888,2.0905,3.7132,5.44082,7.68602,11.2301,All
88.2842,1.16001,5.70064e-07,0.000305775,0.00832048,0.0838613,0.508098,2.40129,8.9876,37.8168,43.576,54.4741,All
89.6855,0.86382,3.13989e-07,0.000191149,0.00543559,0.0632836,0.393956,1.71448,7.38355,26.7057,31.9008,38.1117,All
90.5941,0.71635,2.18701e-07,0.000143364,0.00419316,0.0538399,0.333842,1.41272,6.44645,18.0736,22.1546,27.6192,All
91.0868,0.64763,1.74581e-07,0.000119192,0.00365008,0.0484945,0.301448,1.28868,5.87121,14.8292,18.6457,23.7452,All
92.4882,0.491473,9.64755e-08,7.19026e-05,0.00238262,0.0354419,0.229546,0.966282,4.00378,8.54421,12.0772,16.6454,All
93.8895,0.370845,5.12415e-08,4.24719e-05,0.00156613,0.0249584,0.174636,0.732461,2.64317,5.28716,8.10529,12.3067,All
95.2908,0.286717,2.75167e-08,2.71128e-05,0.00105461,0.0173563,0.128366,0.546939,1.74866,3.42168,5.66196,9.52348,All
96.6922,0.223468,1.4326e-08,1.6146e-05,0.00072764,0.0124838,0.0970886,0.466904,2.06071,35.0462,51.0894,60.9312,All
98.0935,0.167556,7.73208e-09,9.87555e-06,0.000487298,0.00881635,0.0723475,0.374335,1.63845,17.4324,24.7531,31.2059,All
99.4949,0.127256,4.26677e-09,5.61091e-06,0.000325846,0.00632362,0.0548552,0.295154,1.31483,8.87381,14.6973,20.1005,All
100.896,0.0975193,2.19792e-09,3.3569e-06,0.000210701,0.00435062,0.0419373,0.232635,1.06269,5.02454,9.14118,14.1849,All
102.298,0.0730897,1.16588e-09,2.03135e-06,0.000135964,0.00305046,0.0304286,0.178746,0.826281,3.05729,6.04644,10.3797,All
103.699,0.055471,6.26928e-10,1.21553e-06,9.07249e-05,0.00210997,0.0226401,0.145634,0.641057,1.99847,4.10453,7.9458,All
105.1,0.0420136,3.19683e-10,7.53334e-07,6.23791e-05,0.00147346,0.0161405,0.115398,0.587236,3.09462,35.3044,46.1368,All
106.502,0.0307895,1.61266e-10,4.71818e-07,3.90076e-05,0.00099256,0.0119342,0.0863702,0.461641,2.3396,18.3242,25.2711,All
107.903,0.0235716,8.49887e-11,2.82362e-07,2.46713e-05,0.00066239,0.00857692,0.0661384,0.375588,1.82326,10.2234,16.4842,All
109.304,0.0181742,4.21266e-11,1.65069e-07,1.59211e-05,0.000457849,0.0060477,0.0508586,0.300996,1.50213,6.16814,11.5103,All
110.706,0.0139603,2.1264e-11,9.99057e-08,1.02697e-05,0.000300818,0.00424763,0.039268,0.2468,1.12893,3.938,8.30732,All
112.107,0.0105577,1.12072e-11,5.84071e-08,6.66857e-06,0.000209732,0.00306517,0.0289501,0.196297,1.11213,18.1233,25.3554,All
113.508,0.00778554,5.99262e-12,3.41304e-08,4.23209e-06,0.000144499,0.00218623,0.0223418,0.161697,0.968476,28.4411,37.7207,All
114.91,0.0057523,3.11318e-12,1.99789e-08,2.66674e-06,9.95208e-05,0.00157954,0.0169617,0.133709,0.851441,15.2472,22.0358,All
116.311,0.00431277,1.61319e-12,1.1018e-08,1.67251e-06,6.6368e-05,0.00110309,0.0130914,0.107782,0.752769,8.58039,14.7347,All
117.712,0.00319729,8.0984e-13,6.4726e-09,1.04006e-06,4.50015e-05,0.000817917,0.0100907,0.0872575,0.661725,5.16554,10.3431,All
119.114,0.00234236,4.17111e-13,3.8283e-09,6.56122e-07,3.01239e-05,0.000581275,0.00752537,0.0724232,0.550566,3.17282,7.50868,All
120.515,0.00170247,2.07055e-13,2.30617e-09,4.15823e-07,2.09352e-05,0.000399618,0.00571336,0.0602252,0.543611,52.1199,66.6239,All
121.916,0.00128182,1.03233e-13,1.4182e-09,2.64087e-07,1.42788e-05,0.000285226,0.0043634,0.0496332,0.489174,23.5559,31.6169,All
123.318,0.000928142,4.8842e-14,8.50975e-10,1.66374e-07,9.47764e-06,0.000198609,0.00343265,0.0405495,0.457473,12.7633,19.4919,All
124.719,0.000666977,2.29381e-14,4.94311e-10,1.06551e-07,6.20082e-06,0.000145897,0.00261237,0.0332119,0.424167,7.32202,13.2468,All
125.973,0.000498019,1.17591e-14,3.04374e-10,6.89616e-08,4.33475e-06,0.000107954,0.00199682,0.027926,0.381042,4.60401,9.70684,All
126.12,0.00048509,1.08888e-14,2.86145e-10,6.56924e-08,4.11531e-06,0.000104749,0.00193438,0.0273774,0.37579,4.35903,9.37402,All
127.522,0.000357736,5.35148e-15,1.70518e-10,4.10376e-08,2.72739e-06,7.33413e-05,0.00146553,0.0229511,0.336135,2.70881,6.89401,All
128.923,0.000263184,2.76976e-15,1.01467e-10,2.60408e-08,1.86183e-06,5.08731e-05,0.00113254,0.0188167,0.301159,4.75307,48.0119,All
130.324,0.000191205,1.333e-15,5.95093e-11,1.73779e-08,1.21851e-06,3.65637e-05,0.000871698,0.0155615,0.257085,3.64093,25.1308,All
131.726,0.000140105,6.40839e-16,3.09487e-11,1.11838e-08,7.8779e-07,2.71214e-05,0.00066294,0.0127466,0.213911,2.82582,15.8365,All
133.127,0.000104682,3.30222e-16,1.8182e-11,6.66717e-09,5.41407e-07,1.95272e-05,0.000504334,0.0102103,0.171058,2.21126,10.6635,All
134.528,7.74123e-05,1.71739e-16,1.05597e-11,4.0781e-09,3.68836e-07,1.32623e-05,0.000380235,0.00823701,0.13226,1.5233,7.34713,All
135.93,5.55801e-05,8.78192e-17,6.12939e-12,2.55128e-09,2.39631e-07,9.19106e-06,0.000283623,0.00656117,0.110555,1.08148,5.31237,All
137.331,4.08038e-05,4.3276e-17,3.58384e-12,1.54378e-09,1.61315e-07,6.47519e-06,0.000213824,0.00527983,0.0905307,0.988668,30.6967,All
138.732,3.01386e-05,2.19861e-17,2.08681e-12,9.06647e-10,1.06729e-07,4.70377e-06,0.000158089,0.00421283,0.0737561,0.757752,16.7117,All
140.134,2.24306e-05,1.13466e-17,1.22866e-12,5.60814e-10,6.78518e-08,3.38502e-06,0.000121256,0.00330163,0.0617443,0.580982,9.33591,All
141.535,1.61959e-05,6.11735e-18,7.06757e-13,3.58816e-10,4.62137e-08,2.51363e-06,9.1866e-05,0.00261563,0.0470822,0.487526,6.07991,All
142.936,1.19194e-05,2.95914e-18,3.97639e-13,2.18895e-10,3.12024e-08,1.79903e-06,6.91372e-05,0.00196972,0.0376909,0.380181,4.09908,All
144.338,8.73505e-06,1.53867e-18,2.1937e-13,1.33498e-10,2.06238e-08,1.25609e-06,5.25693e-05,0.00150475,0.0297836,0.316258,58.8237,All
145.739,6.3355e-06,7.80107e-19,1.26305e-13,8.32887e-11,1.40116e-08,8.89955e-07,3.96447e-05,0.00115385,0.0230452,0.264031,25.0671,All
147.14,4.62896e-06,3.94316e-19,7.72951e-14,5.3702e-11,9.07537e-09,6.31263e-07,2.94235e-05,0.000900474,0.0187339,0.225453,13.8635,All
148.542,3.39869e-06,1.86491e-19,4.33023e-14,3.44715e-11,6.13106e-09,4.50832e-07,2.20992e-05,0.000677698,0.0144516,0.185186,7.94978,All
149.943,2.4224e-06,9.40372e-20,2.27486e-14,2.13284e-11,3.9402e-09,3.20646e-07,1.64514e-05,0.000512896,0.0106565,0.164523,4.95915,All
151.344,1.72564e-06,4.98124e-20,1.38863e-14,1.37298e-11,2.61544e-09,2.2504e-07,1.21161e-05,0.000386478,0.00877241,0.140442,3.14195,All
152.746,1.24655e-06,2.57441e-20,7.84788e-15,8.39391e-12,1.70384e-09,1.63399e-07,8.71348e-06,0.000288241,0.00705675,0.124258,42.228,All
154.147,8.51214e-07,1.27562e-20,4.51171e-15,5.26253e-12,1.13812e-09,1.14136e-07,6.32049e-06,0.000217749,0.0056311,0.107065,21.0084,All
155.548,6.15424e-07,6.41766e-21,2.68075e-15,3.26466e-12,7.15134e-10,7.84226e-08,4.46053e-06,0.000159078,0.004402,0.0950154,11.7433,All
156.95,4.36942e-07,2.9195e-21,1.54793e-15,1.95999e-12,4.7101e-10,5.38203e-08,3.1898e-06,0.000119458,0.00348173,0.0832859,6.73696,All
158.351,3.13978e-07,1.42179e-21,8.66417e-16,1.21316e-12,3.01805e-10,3.85361e-08,2.20321e-06,8.80414e-05,0.00274333,0.0727176,4.20795,All
159.752,2.19298e-07,7.30003e-22,5.05273e-16,7.46583e-13,1.95395e-10,2.79265e-08,1.58011e-06,6.66901e-05,0.00217854,0.0657266,2.60759,All
161.154,1.51373e-07,3.66885e-22,2.94046e-16,4.66483e-13,1.31947e-10,1.88014e-08,1.13353e-06,4.99203e-05,0.00174951,0.0585105,33.5172,All
162.555,1.05978e-07,1.84711e-22,1.68589e-16,2.87914e-13,8.98042e-11,1.33824e-08,8.08724e-07,3.62314e-05,0.0014286,0.0518549,17.8359,All
163.956,7.47229e-08,8.84596e-23,9.96625e-17,1.80272e-13,5.99402e-11,9.41998e-09,5.73706e-07,2.83868e-05,0.00117287,0.0468205,9.91615,All
165.358,5.29747e-08,4.24328e-23,5.69115e-17,1.13066e-13,3.95852e-11,6.51197e-09,4.20574e-07,2.13789e-05,0.000910987,0.0421421,5.75573,All
166.759,3.71441e-08,1.92065e-23,3.24251e-17,6.73628e-14,2.64881e-11,4.63511e-09,2.99678e-07,1.5868e-05,0.000755511,0.0380171,3.52881,All
168.16,2.66605e-08,8.52083e-24,1.77591e-17,4.26586e-14,1.78978e-11,3.08802e-09,2.2092e-07,1.21224e-05,0.000598982,0.0337166,33.2616,All
169.562,1.92731e-08,4.18563e-24,1.0192e-17,2.685e-14,1.18451e-11,2.11201e-09,1.59132e-07,9.23196e-06,0.000487458,0.0298607,27.3105,All
170.963,1.34514e-08,2.15715e-24,5.89441e-18,1.62604e-14,7.43351e-12,1.40429e-09,1.16519e-07,7.21883e-06,0.000408789,0.0278013,15.1422,All
172.364,9.27454e-09,1.08864e-24,3.4677e-18,1.02413e-14,4.91496e-12,9.64898e-10,8.26762e-08,5.35057e-06,0.000338419,0.0255119,8.36877,All
173.766,6.52295e-09,5.13814e-25,1.92269e-18,6.09845e-15,3.16934e-12,6.79641e-10,6.10061e-08,4.13402e-06,0.000287764,0.0230449,5.06793,All
175.167,4.56048e-09,2.43945e-25,1.11216e-18,3.76401e-15,2.09295e-12,4.71538e-10,4.2269e-08,3.22348e-06,0.000233457,0.020685,3.00575,All
