Cl_vs_Q_abscissa,Cl_vs_Q_spline,Cl_vs_Q_regression,Cl_vs_V1_abscissa,Cl_vs_V1_spline,Cl_vs_V1_regression,Cl_vs_V2_abscissa,Cl_vs_V2_spline,Cl_vs_V2_regression,Q_vs_Cl_abscissa,Q_vs_Cl_spline,Q_vs_Cl_regression,Q_vs_V1_abscissa,Q_vs_V1_spline,Q_vs_V1_regression,Q_vs_V2_abscissa,Q_vs_V2_spline,Q_vs_V2_regression,V1_vs_Cl_abscissa,V1_vs_Cl_spline,V1_vs_Cl_regression,V1_vs_Q_abscissa,V1_vs_Q_spline,V1_vs_Q_regression,V1_vs_V2_abscissa,V1_vs_V2_spline,V1_vs_V2_regression,V2_vs_Cl_abscissa,V2_vs_Cl_spline,V2_vs_Cl_regression,V2_vs_Q_abscissa,V2_vs_Q_spline,V2_vs_Q_regression,V2_vs_V1_abscissa,V2_vs_V1_spline,V2_vs_V1_regression
-2.70674,0.037591,0.0678477,-0.660001,-0.145424,-0.00541524,-2.01463,-0.0490942,-0.0342389,-0.440963,1.07059,0.324439,-0.660001,0.143657,0.0437801,-2.01463,-0.378857,-0.134829,-0.440963,-0.100235,-0.012894,-2.70674,0.0928812,-0.0257618,-2.01463,-0.0136301,-0.039439,-0.440963,0.765124,-0.184586,-2.70674,-0.222381,-0.332409,-0.660001,-0.324216,-0.170775
-2.64283,-0.00082898,0.0662839,-0.646332,-0.145643,-0.00531855,-1.97247,-0.062098,-0.03352,-0.431923,1.0006,0.319812,-0.646332,0.136867,0.0449408,-1.97247,-0.325969,-0.129798,-0.431923,-0.0566,-0.0127946,-2.64283,0.0635241,-0.0253584,-1.97247,-0.00860549,-0.0387641,-0.431923,0.758713,-0.181904,-2.64283,-0.337455,-0.326068,-0.646332,-0.331906,-0.168327
-2.57891,-0.0162855,0.0647201,-0.632663,-0.145862,-0.00522185,-1.93031,-0.0646134,-0.032801,-0.422884,0.930621,0.315185,-0.632663,0.130077,0.0461016,-1.93031,-0.27673,-0.124767,-0.422884,-0.0129654,-0.0126952,-2.57891,0.046174,-0.024955,-1.93031,-0.00661128,-0.0380893,-0.422884,0.752302,-0.179223,-2.57891,-0.375418,-0.319727,-0.632663,-0.339596,-0.16588
-2.515,-0.0299345,0.0631564,-0.618994,-0.146081,-0.00512516,-1.88816,-0.0671289,-0.0320821,-0.413844,0.860638,0.310558,-0.618994,0.123286,0.0472624,-1.88816,-0.227491,-0.119736,-0.413844,0.0306691,-0.0125957,-2.515,0.0297691,-0.0245517,-1.88816,-0.00461707,-0.0374144,-0.413844,0.745891,-0.176542,-2.515,-0.407312,-0.313386,-0.618994,-0.347286,-0.163432
-2.45109,-0.0435835,0.0615926,-0.605324,-0.146301,-0.00502846,-1.846,-0.0696443,-0.0313632,-0.404804,0.790654,0.305931,-0.605324,0.116496,0.0484231,-1.846,-0.178251,-0.114706,-0.404804,0.0743037,-0.0124963,-2.45109,0.0133642,-0.0241483,-1.846,-0.00262286,-0.0367396,-0.404804,0.73948,-0.173861,-2.45109,-0.439206,-0.307045,-0.605324,-0.354977,-0.160984
-2.38717,-0.0572325,0.0600288,-0.591655,-0.14652,-0.00493177,-1.80385,-0.0721597,-0.0306443,-0.395765,0.743142,0.301304,-0.591655,0.109706,0.0495839,-1.80385,-0.129012,-0.109675,-0.395765,0.0817411,-0.0123969,-2.38717,-0.00304077,-0.0237449,-1.80385,-0.000628652,-0.0360647,-0.395765,0.659314,-0.17118,-2.38717,-0.4711,-0.300704,-0.591655,-0.362667,-0.158537
-2.32326,-0.0708815,0.058465,-0.577986,-0.144567,-0.00483507,-1.76169,-0.0746751,-0.0299254,-0.386725,0.701024,0.296677,-0.577986,0.109594,0.0507447,-1.76169,-0.0797728,-0.104644,-0.386725,0.0803844,-0.0122975,-2.32326,-0.0194457,-0.0233415,-1.76169,0.00136556,-0.0353898,-0.386725,0.562282,-0.168498,-2.32326,-0.502994,-0.294363,-0.577986,-0.366014,-0.156089
-2.25934,-0.0845306,0.0569012,-0.564316,-0.135424,-0.00473838,-1.71953,-0.0764059,-0.0292065,-0.377685,0.658906,0.29205,-0.564316,0.131591,0.0519055,-1.71953,-0.0312668,-0.0996134,-0.377685,0.0790277,-0.012198,-2.25934,-0.0358506,-0.0229381,-1.71953,0.00310687,-0.034715,-0.377685,0.46525,-0.165817,-2.25934,-0.534888,-0.288022,-0.564316,-0.354985,-0.153641
-2.19543,-0.0981796,0.0553375,-0.550647,-0.124843,-0.00464168,-1.67738,-0.0689212,-0.0284875,-0.368646,0.618266,0.287423,-0.550647,0.157584,0.0530662,-1.67738,0.0084571,-0.0945826,-0.368646,0.0751686,-0.0120986,-2.19543,-0.0522556,-0.0225347,-1.67738,0.00186829,-0.0340401,-0.368646,0.364333,-0.163136,-2.19543,-0.566782,-0.281681,-0.550647,-0.340697,-0.151194
-2.13152,-0.0952168,0.0537737,-0.536978,-0.111977,-0.00454499,-1.63522,-0.0599075,-0.0277686,-0.359606,0.585731,0.282796,-0.536978,0.189339,0.054227,-1.63522,0.0441143,-0.0895518,-0.359606,0.057506,-0.0119992,-2.13152,-0.059041,-0.0221313,-1.63522,-1.32387e-05,-0.0333653,-0.359606,0.242749,-0.160455,-2.13152,-0.544103,-0.27534,-0.536978,-0.3207,-0.148746
-2.0676,-0.0854941,0.0522099,-0.523308,-0.0985809,-0.00444829,-1.59306,-0.0499225,-0.0270497,-0.350566,0.555249,0.278169,-0.523308,0.222356,0.0553878,-1.59306,0.0753779,-0.0845211,-0.350566,0.0360494,-0.0118997,-2.0676,-0.0607819,-0.0217279,-1.59306,-0.00240619,-0.0326904,-0.350566,0.118271,-0.157774,-2.0676,-0.50068,-0.268999,-0.523308,-0.299306,-0.146298
-2.00369,-0.0732276,0.0506461,-0.509639,-0.0848643,-0.00435159,-1.55091,-0.0394464,-0.0263308,-0.341527,0.526353,0.273542,-0.509639,0.255925,0.0565485,-1.55091,0.100696,-0.0794903,-0.341527,0.0111589,-0.0118003,-2.00369,-0.0604412,-0.0213245,-1.55091,-0.00526966,-0.0320156,-0.341527,-0.00442019,-0.155093,-2.00369,-0.449689,-0.262658,-0.509639,-0.27688,-0.14385
-1.93977,-0.060961,0.0490824,-0.49597,-0.0700563,-0.0042549,-1.50875,-0.0289786,-0.0256119,-0.332487,0.49765,0.268915,-0.49597,0.289885,0.0577093,-1.50875,0.123122,-0.0744595,-0.332487,-0.0144561,-0.0117009,-1.93977,-0.0601005,-0.0209212,-1.50875,-0.00829548,-0.0313407,-0.332487,-0.124486,-0.152411,-1.93977,-0.398697,-0.256317,-0.49597,-0.249588,-0.141403
-1.87586,-0.0486945,0.0475186,-0.482301,-0.055128,-0.0041582,-1.4666,-0.0191493,-0.0248929,-0.323447,0.468497,0.264289,-0.482301,0.322715,0.0588701,-1.4666,0.136462,-0.0694287,-0.323447,-0.0404105,-0.0116015,-1.87586,-0.0597599,-0.0205178,-1.4666,-0.0116666,-0.0306658,-0.323447,-0.234628,-0.14973,-1.87586,-0.347705,-0.249976,-0.482301,-0.220699,-0.138955
-1.81194,-0.0364279,0.0459548,-0.468631,-0.0401997,-0.00406151,-1.42444,-0.00944213,-0.024174,-0.314408,0.437893,0.259662,-0.468631,0.355546,0.0600309,-1.42444,0.149098,-0.064398,-0.314408,-0.0649833,-0.011502,-1.81194,-0.0594192,-0.0201144,-1.42444,-0.0150448,-0.029991,-0.314408,-0.332426,-0.147049,-1.81194,-0.296713,-0.243635,-0.468631,-0.19181,-0.136507
-1.74803,-0.0239988,0.044391,-0.454962,-0.0252835,-0.00396481,-1.38228,-0.00162449,-0.0234551,-0.305368,0.405015,0.255035,-0.454962,0.388276,0.0611916,-1.38228,0.151622,-0.0593672,-0.305368,-0.0869431,-0.0114026,-1.74803,-0.0588235,-0.019711,-1.38228,-0.01849,-0.0293161,-0.305368,-0.414433,-0.144368,-1.74803,-0.245395,-0.237294,-0.454962,-0.162887,-0.13406
-1.68412,-0.00931017,0.0428273,-0.441293,-0.0114518,-0.00386812,-1.34013,0.00224785,-0.0227362,-0.296328,0.368522,0.250408,-0.441293,0.413244,0.0623524,-1.34013,0.140247,-0.0543364,-0.296328,-0.104025,-0.0113032,-1.68412,-0.0542209,-0.0193076,-1.34013,-0.0216644,-0.0286413,-0.296328,-0.4722,-0.141687,-1.68412,-0.190149,-0.230953,-0.441293,-0.132126,-0.131612
-1.6202,0.00436545,0.0412635,-0.427623,0.0017173,-0.00377142,-1.29797,0.0061202,-0.0220173,-0.287289,0.329833,0.245781,-0.427623,0.434683,0.0635132,-1.29797,0.128873,-0.0493056,-0.287289,-0.117637,-0.0112038,-1.6202,-0.0486363,-0.0189042,-1.29797,-0.0248387,-0.0279664,-0.287289,-0.513485,-0.139006,-1.6202,-0.140261,-0.224612,-0.427623,-0.101338,-0.129164
-1.55629,0.0180411,0.0396997,-0.413954,0.0134732,-0.00367473,-1.25582,0.0098513,-0.0212983,-0.278249,0.290483,0.241154,-0.413954,0.449115,0.0646739,-1.25582,0.117089,-0.0442749,-0.278249,-0.12984,-0.0111043,-1.55629,-0.0430516,-0.0185008,-1.25582,-0.0279984,-0.0272915,-0.278249,-0.548359,-0.136324,-1.55629,-0.090374,-0.218271,-0.413954,-0.0709678,-0.126717
-1.49237,0.0297568,0.0381359,-0.400285,0.0231345,-0.00357803,-1.21366,0.00780771,-0.0205794,-0.269209,0.249187,0.236527,-0.400285,0.453866,0.0658347,-1.21366,0.0890278,-0.0392441,-0.269209,-0.136774,-0.0110049,-1.49237,-0.0369085,-0.0180974,-1.21366,-0.0305302,-0.0266167,-0.269209,-0.559866,-0.133643,-1.49237,-0.0491179,-0.21193,-0.400285,-0.0418513,-0.124269
-1.42846,0.0394714,0.0365722,-0.386615,0.0296753,-0.00348134,-1.1715,0.0019598,-0.0198605,-0.26017,0.207591,0.2319,-0.386615,0.444702,0.0669955,-1.1715,0.0517888,-0.0342133,-0.26017,-0.140957,-0.0109055,-1.42846,-0.0304786,-0.017694,-1.1715,-0.0325613,-0.0259418,-0.26017,-0.560029,-0.130962,-1.42846,-0.016308,-0.205589,-0.386615,-0.0150628,-0.121821
-1.36455,0.0457587,0.0350084,-0.372946,0.0362162,-0.00338464,-1.12935,-0.00711711,-0.0191416,-0.25113,0.166742,0.227273,-0.372946,0.435538,0.0681563,-1.12935,0.00743899,-0.0291826,-0.25113,-0.14079,-0.0108061,-1.36455,-0.0240627,-0.0172907,-1.12935,-0.0341374,-0.025267,-0.25113,-0.54372,-0.128281,-1.36455,0.00269149,-0.199248,-0.372946,0.0117257,-0.119373
-1.30063,0.0503459,0.0334446,-0.359277,0.0415428,-0.00328795,-1.08719,-0.020051,-0.0184227,-0.24209,0.126031,0.222646,-0.359277,0.421122,0.069317,-1.08719,-0.0425857,-0.0241518,-0.24209,-0.140122,-0.0107066,-1.30063,-0.0177206,-0.0168873,-1.08719,-0.0350781,-0.0245921,-0.24209,-0.525577,-0.1256,-1.30063,0.0149264,-0.192907,-0.359277,0.0374619,-0.116926
-1.23672,0.0505912,0.0318808,-0.345607,0.0398801,-0.00319125,-1.04504,-0.0334832,-0.0177038,-0.233051,0.0923921,0.218019,-0.345607,0.377356,0.0704778,-1.04504,-0.093085,-0.019121,-0.233051,-0.131969,-0.0106072,-1.23672,-0.0117839,-0.0164839,-1.04504,-0.0359285,-0.0239173,-0.233051,-0.486003,-0.122919,-1.23672,0.0101664,-0.186566,-0.345607,0.0558233,-0.114478
-1.1728,0.0462924,0.030317,-0.331938,0.0371344,-0.00309456,-1.00288,-0.047973,-0.0169848,-0.224011,0.0587527,0.213392,-0.331938,0.329145,0.0716386,-1.00288,-0.141796,-0.0140902,-0.224011,-0.123816,-0.0105078,-1.1728,-0.00646894,-0.0160805,-1.00288,-0.0364973,-0.0232424,-0.224011,-0.446428,-0.120237,-1.1728,-0.0121801,-0.180225,-0.331938,0.0728925,-0.11203
-1.10889,0.0392428,0.0287533,-0.318269,0.0343886,-0.00299786,-0.960724,-0.0625029,-0.0162659,-0.214971,0.0251133,0.208765,-0.318269,0.280933,0.0727993,-0.960724,-0.182748,-0.00905946,-0.214971,-0.115663,-0.0104083,-1.10889,-0.00167519,-0.0156771,-0.960724,-0.0368087,-0.0225675,-0.214971,-0.406854,-0.117556,-1.10889,-0.0452299,-0.173884,-0.318269,0.0899616,-0.109583
-1.04497,0.0293405,0.0271895,-0.3046,0.0316429,-0.00290117,-0.918568,-0.0763615,-0.015547,-0.205932,-0.00852614,0.204138,-0.3046,0.232721,0.0739601,-0.918568,-0.218372,-0.00402869,-0.205932,-0.10751,-0.0103089,-1.04497,0.00231215,-0.0152737,-0.918568,-0.0370915,-0.0218927,-0.205932,-0.36728,-0.114875,-1.04497,-0.089572,-0.167543,-0.3046,0.107031,-0.107135
-0.98106,0.0183848,0.0256257,-0.29093,0.0257404,-0.00280447,-0.876412,-0.0881043,-0.0148281,-0.196892,-0.0325131,0.199511,-0.29093,0.173048,0.0751209,-0.876412,-0.239728,0.00100209,-0.196892,-0.0949893,-0.0102095,-0.98106,0.00577165,-0.0148703,-0.876412,-0.0373649,-0.0212178,-0.196892,-0.32181,-0.112194,-0.98106,-0.138252,-0.161202,-0.29093,0.117552,-0.104687
-0.917146,0.00686969,0.0240619,-0.277261,0.0191165,-0.00270778,-0.834256,-0.0967874,-0.0141092,-0.187852,-0.0530302,0.194884,-0.277261,0.111045,0.0762817,-0.834256,-0.244288,0.00603286,-0.187852,-0.0808991,-0.0101101,-0.917146,0.00834009,-0.0144669,-0.834256,-0.0377479,-0.020543,-0.187852,-0.27422,-0.109513,-0.917146,-0.18968,-0.154861,-0.277261,0.126038,-0.10224
-0.853232,-0.00393897,0.0224982,-0.263592,0.0123776,-0.00261108,-0.7921,-0.101901,-0.0133902,-0.178813,-0.0659845,0.190257,-0.263592,0.0511603,0.0774424,-0.7921,-0.230786,0.0110636,-0.178813,-0.0650403,-0.0100106,-0.853232,0.0100775,-0.0140635,-0.7921,-0.0383066,-0.0198681,-0.178813,-0.228612,-0.106831,-0.853232,-0.239063,-0.14852,-0.263592,0.129576,-0.0997918
-0.789318,-0.0130429,0.0209344,-0.249922,0.00578212,-0.00251439,-0.749944,-0.10001,-0.0126713,-0.169773,-0.073385,0.18563,-0.249922,-0.00728351,0.0786032,-0.749944,-0.187179,0.0160944,-0.169773,-0.0481193,-0.00991121,-0.789318,0.0109704,-0.0136602,-0.749944,-0.0389982,-0.0191933,-0.169773,-0.185404,-0.10415,-0.789318,-0.282665,-0.142179,-0.249922,0.131704,-0.0973441
-0.725404,-0.0191328,0.0193706,-0.236253,-4.6554e-05,-0.00241769,-0.707788,-0.0962783,-0.0119524,-0.160733,-0.0728125,0.181003,-0.236253,-0.0605533,0.079764,-0.707788,-0.136319,0.0211252,-0.160733,-0.0300677,-0.00981178,-0.725404,0.0108789,-0.0132568,-0.707788,-0.0396833,-0.0185184,-0.160733,-0.147214,-0.101469,-0.725404,-0.315674,-0.135838,-0.236253,0.130983,-0.0948964
-0.66149,-0.0221225,0.0178068,-0.222584,-0.00456606,-0.002321,-0.665632,-0.0925466,-0.0112335,-0.151694,-0.0639202,0.176376,-0.222584,-0.105745,0.0809247,-0.665632,-0.0854599,0.026156,-0.151694,-0.0111798,-0.00971235,-0.66149,0.00999723,-0.0128534,-0.665632,-0.0403683,-0.0178435,-0.151694,-0.115632,-0.0987879,-0.66149,-0.337625,-0.129497,-0.222584,0.126803,-0.0924487
-0.597576,-0.0195997,0.0162431,-0.208914,-0.00661333,-0.0022243,-0.623476,-0.0824229,-0.0105146,-0.142654,-0.0461761,0.171749,-0.208914,-0.136953,0.0820855,-0.623476,-0.0213632,0.0311867,-0.142654,0.00824145,-0.00961293,-0.597576,0.00793404,-0.01245,-0.623476,-0.0402248,-0.0171687,-0.142654,-0.0922793,-0.0961068,-0.597576,-0.339271,-0.123156,-0.208914,0.118451,-0.090001
-0.533662,-0.014246,0.0146793,-0.195245,-0.00754484,-0.00212761,-0.58132,-0.070321,-0.00979565,-0.133615,-0.0214197,0.167122,-0.195245,-0.162039,0.0832463,-0.58132,0.0415725,0.0362175,-0.133615,0.0272533,-0.0095135,-0.533662,0.00531265,-0.0120466,-0.58132,-0.03947,-0.0164938,-0.133615,-0.0766463,-0.0934256,-0.533662,-0.32987,-0.116815,-0.195245,0.108568,-0.0875533
-0.469747,-0.00615103,0.0131155,-0.181576,-0.00536194,-0.00203091,-0.539164,-0.0582191,-0.00907673,-0.124575,0.00848165,0.162495,-0.181576,-0.170294,0.084407,-0.539164,0.104508,0.0412483,-0.124575,0.044145,-0.00941407,-0.469747,0.00222416,-0.0116432,-0.539164,-0.0387152,-0.015819,-0.124575,-0.068857,-0.0907444,-0.469747,-0.308039,-0.110474,-0.181576,0.0948882,-0.0851056
-0.405833,0.00344055,0.0115517,-0.167907,0.000234952,-0.00193422,-0.497008,-0.043904,-0.00835781,-0.115535,0.039946,0.157868,-0.167907,-0.160478,0.0855678,-0.497008,0.153424,0.0462791,-0.115535,0.0590945,-0.00931465,-0.405833,-0.00106648,-0.0112398,-0.497008,-0.0364179,-0.0151441,-0.115535,-0.0650023,-0.0880632,-0.405833,-0.278174,-0.104133,-0.167907,0.0777488,-0.0826579
-0.341919,0.0138018,0.00998795,-0.154237,0.00914378,-0.00183752,-0.454852,-0.0290022,-0.00763889,-0.106496,0.0714493,0.153241,-0.154237,-0.13269,0.0867286,-0.454852,0.18613,0.0513098,-0.106496,0.0691265,-0.00921522,-0.341919,-0.00430922,-0.0108364,-0.454852,-0.0328687,-0.0144692,-0.106496,-0.0670658,-0.0853821,-0.341919,-0.240592,-0.0977919,-0.154237,0.0572616,-0.0802102
-0.278005,0.0236224,0.00842417,-0.140568,0.0197913,-0.00174083,-0.412696,-0.0141252,-0.00691997,-0.0974559,0.100105,0.148614,-0.140568,-0.0921641,0.0878894,-0.412696,0.197079,0.0563406,-0.0974559,0.0736166,-0.00911579,-0.278005,-0.0071984,-0.010433,-0.412696,-0.0278576,-0.0137944,-0.0974559,-0.0728153,-0.0827009,-0.278005,-0.199289,-0.0914509,-0.140568,0.033205,-0.0777625
-0.214091,0.0316275,0.00686039,-0.126899,0.0301132,-0.00164413,-0.37054,0.000191994,-0.00620105,-0.0884162,0.123365,0.143987,-0.126899,-0.0442582,0.0890501,-0.37054,0.182214,0.0613714,-0.0884162,0.0713188,-0.00901637,-0.214091,-0.00938975,-0.0100297,-0.37054,-0.0212592,-0.0131195,-0.0884162,-0.0812879,-0.0800197,-0.214091,-0.157048,-0.0851099,-0.126899,0.00436281,-0.0753148
-0.150177,0.0376483,0.00529662,-0.113229,0.0379564,-0.00154744,-0.328384,0.0136669,-0.00548213,-0.0793765,0.140282,0.13936,-0.113229,0.00352038,0.0902109,-0.328384,0.143186,0.0664021,-0.0793765,0.0635076,-0.00891694,-0.150177,-0.0109266,-0.00962627,-0.328384,-0.0133409,-0.0124447,-0.0793765,-0.0911639,-0.0773385,-0.150177,-0.116189,-0.0787689,-0.113229,-0.0294634,-0.0728671
-0.0862625,0.0403464,0.00373284,-0.09956,0.0408501,-0.00145074,-0.286228,0.0263046,-0.00476322,-0.0703369,0.148472,0.134733,-0.09956,0.0439603,0.0913717,-0.286228,0.0899132,0.0714329,-0.0703369,0.0514623,-0.00881751,-0.0862625,-0.0116742,-0.00922288,-0.286228,-0.00492904,-0.0117698,-0.0703369,-0.101047,-0.0746573,-0.0862625,-0.0795682,-0.0724279,-0.09956,-0.0692854,-0.0704194
-0.0223484,0.0414867,0.00216906,-0.0858907,0.0368298,-0.00135405,-0.244072,0.038121,-0.0040443,-0.0612972,0.150947,0.130106,-0.0858907,0.0705632,0.0925324,-0.244072,0.0325575,0.0764637,-0.0612972,0.0380459,-0.00871808,-0.0223484,-0.0126874,-0.00881949,-0.244072,0.0031312,-0.011095,-0.0612972,-0.110131,-0.0719762,-0.0223484,-0.0475064,-0.0660869,-0.0858907,-0.115463,-0.0679717
0.0415657,0.0417136,0.000605286,-0.0722214,0.0249596,-0.00125735,-0.201916,0.0490007,-0.00332538,-0.0522575,0.143637,0.125479,-0.0722214,0.0793207,0.0936932,-0.201916,-0.015743,0.0814945,-0.0522575,0.0242215,-0.00861866,0.0415657,-0.015024,-0.00841611,-0.201916,0.00963234,-0.0104201,-0.0522575,-0.116737,-0.069295,0.0415657,-0.0226281,-0.0597459,-0.0722214,-0.166082,-0.065524
0.10548,0.0423754,-0.000958491,-0.0585521,0.00883062,-0.00116066,-0.15976,0.0593625,-0.00260646,-0.0432179,0.125578,0.120852,-0.0585521,0.076417,0.094854,-0.15976,-0.053707,0.0865252,-0.0432179,0.0124939,-0.00851923,0.10548,-0.0197323,-0.00801272,-0.15976,0.0148211,-0.00974524,-0.0432179,-0.119163,-0.0666138,0.10548,-0.0059237,-0.0534049,-0.0585521,-0.212552,-0.0630763
0.169394,0.0441675,-0.00252227,-0.0448828,-0.00769543,-0.00106396,-0.117604,0.0687887,-0.00188754,-0.0341782,0.0977755,0.116225,-0.0448828,0.0680553,0.0960148,-0.117604,-0.0614793,0.091556,-0.0341782,0.00422797,-0.0084198,0.169394,-0.0270571,-0.00760933,-0.117604,0.0166705,-0.00907038,-0.0341782,-0.116892,-0.0639326,0.169394,0.00323868,-0.0470639,-0.0448828,-0.243259,-0.0606286
0.233308,0.0484823,-0.00408604,-0.0312135,-0.0210738,-0.000967267,-0.0754479,0.0773545,-0.00116862,-0.0251386,0.0614255,0.111598,-0.0312135,0.0612188,0.0971755,-0.0754479,-0.0399453,0.0965868,-0.0251386,-0.000373046,-0.00832038,0.233308,-0.0387533,-0.00720594,-0.0754479,0.0153923,-0.00839553,-0.0251386,-0.110066,-0.0612515,0.233308,0.00108864,-0.0407229,-0.0312135,-0.252092,-0.0581809
0.297222,0.0541284,-0.00564982,-0.0175442,-0.0284148,-0.000870572,-0.0332918,0.0852369,-0.000449704,-0.0160989,0.012381,0.106971,-0.0175442,0.0605339,0.0983363,-0.0332918,0.000807477,0.101618,-0.0160989,0.00143958,-0.00822095,0.297222,-0.0525975,-0.00680255,-0.0332918,0.0120231,-0.00772067,-0.0160989,-0.0951089,-0.0585703,0.297222,-0.00799979,-0.0343819,-0.0175442,-0.231202,-0.0557332
0.361136,0.0585031,-0.0072136,-0.00387492,-0.0302764,-0.000773877,0.00886419,0.0921047,0.000269214,-0.00705924,-0.0391757,0.102344,-0.00387492,0.0657681,0.0994971,0.00886419,0.0598203,0.106648,-0.00705924,0.00463248,-0.00812152,0.361136,-0.0646362,-0.00639916,0.00886419,0.00653237,-0.00704581,-0.00705924,-0.0783701,-0.0558891,0.361136,-0.0179362,-0.0280409,-0.00387492,-0.187829,-0.0532855
0.425051,0.0596742,-0.00877737,0.00979438,-0.0286888,-0.000677182,0.0510202,0.0978103,0.000988133,0.00198042,-0.0907325,0.0977174,0.00979438,0.0747771,0.100658,0.0510202,0.130995,0.111679,0.00198042,0.00782538,-0.0080221,0.425051,-0.0719108,-0.00599577,0.0510202,-0.000551168,-0.00637095,0.00198042,-0.0616314,-0.0532079,0.425051,-0.0232333,-0.0216999,0.00979438,-0.133022,-0.0508378
0.488965,0.054737,-0.0103412,0.0234637,-0.0237219,-0.000580487,0.0931762,0.102317,0.00170705,0.0110201,-0.144605,0.0930904,0.0234637,0.0875778,0.101819,0.0931762,0.206331,0.11671,0.0110201,0.0131813,-0.00792267,0.488965,-0.0700272,-0.00559238,0.0931762,-0.00847563,-0.0056961,0.0110201,-0.041861,-0.0505268,0.488965,-0.0171939,-0.0153589,0.0234637,-0.0722211,-0.0483901
0.552879,0.0429632,-0.0119049,0.037133,-0.0168437,-0.000483792,0.135332,0.105666,0.00242597,0.0200597,-0.19925,0.0884634,0.037133,0.102647,0.102979,0.135332,0.279744,0.121741,0.0200597,0.0204899,-0.00782324,0.552879,-0.0580364,-0.005189,0.135332,-0.0166441,-0.00502124,0.0200597,-0.0191598,-0.0478456,0.552879,0.00181903,-0.00901787,0.037133,-0.0149213,-0.0459424
0.616793,0.0268438,-0.0134687,0.0508023,-0.0090997,-0.000387097,0.177488,0.107595,0.00314489,0.0290994,-0.251695,0.0838365,0.0508023,0.118949,0.10414,0.177488,0.344733,0.126771,0.0290994,0.0281153,-0.00772382,0.616793,-0.0399516,-0.00478561,0.177488,-0.024531,-0.00434638,0.0290994,0.00435965,-0.0451644,0.616793,0.02795,-0.00267687,0.0508023,0.0293799,-0.0434947
0.680707,0.0076203,-0.0150325,0.0644716,-0.00146957,-0.000290401,0.219644,0.108067,0.00386381,0.0381391,-0.299243,0.0792095,0.0644716,0.135374,0.105301,0.219644,0.394934,0.131802,0.0381391,0.0354048,-0.00762439,0.680707,-0.0180718,-0.00438222,0.219644,-0.0315419,-0.00367152,0.0381391,0.0280767,-0.0424832,0.680707,0.0572077,0.00366413,0.0644716,0.057497,-0.041047
0.744621,-0.0124316,-0.0165963,0.0781409,0.005358,-0.000193706,0.2618,0.106868,0.00458273,0.0471787,-0.339506,0.0745825,0.0781409,0.150325,0.106462,0.2618,0.422028,0.136833,0.0471787,0.0415778,-0.00752496,0.744621,0.00387311,-0.00397883,0.2618,-0.0369596,-0.00299666,0.0471787,0.0511258,-0.0398021,0.744621,0.0839769,0.0100051,0.0781409,0.0592302,-0.0385993
0.808535,-0.0314775,-0.01816,0.0918102,0.0115522,-9.70113e-05,0.303956,0.104259,0.00530164,0.0562184,-0.368587,0.0699555,0.0918102,0.162949,0.107622,0.303956,0.425911,0.141864,0.0562184,0.045524,-0.00742553,0.808535,0.0228219,-0.00357544,0.303956,-0.0406588,-0.00232181,0.0562184,0.0723503,-0.0371209,0.808535,0.103538,0.0163461,0.0918102,0.0429074,-0.0361516
0.87245,-0.0472767,-0.0197238,0.10548,0.0176095,-3.16218e-07,0.346112,0.100031,0.00602056,0.065258,-0.390237,0.0653285,0.10548,0.174632,0.108783,0.346112,0.402907,0.146895,0.065258,0.0478644,-0.00732611,0.87245,0.0348889,-0.00317205,0.346112,-0.0422205,-0.00164695,0.065258,0.0921656,-0.0344397,0.87245,0.109614,0.0226871,0.10548,0.0231102,-0.0337039
0.936364,-0.0587964,-0.0212876,0.119149,0.0230165,9.63789e-05,0.388268,0.0944691,0.00673948,0.0742977,-0.395384,0.0607016,0.119149,0.180649,0.109944,0.388268,0.359363,0.151925,0.0742977,0.0463593,-0.00722668,0.936364,0.0386208,-0.00276866,0.388268,-0.0419262,-0.000972091,0.0742977,0.10839,-0.0317585,0.936364,0.100481,0.0290281,0.119149,-0.0120227,-0.0312562
1.00028,-0.0651476,-0.0228514,0.132818,0.0281267,0.000193074,0.430424,0.0874631,0.0074584,0.0833374,-0.389447,0.0560746,0.132818,0.181263,0.111105,0.430424,0.297168,0.156956,0.0833374,0.0422235,-0.00712725,1.00028,0.0330241,-0.00236527,0.430424,-0.0394526,-0.000297233,0.0833374,0.12196,-0.0290774,1.00028,0.0753956,0.0353691,0.132818,-0.0514044,-0.0288085
1.06419,-0.067592,-0.0244151,0.146487,0.0330401,0.000289769,0.472581,0.0800062,0.00817732,0.092377,-0.368298,0.0514476,0.146487,0.174569,0.112266,0.472581,0.229613,0.161987,0.092377,0.0345707,-0.00702783,1.06419,0.0215226,-0.00196189,0.472581,-0.0362764,0.000377625,0.092377,0.131409,-0.0263962,1.06419,0.0419241,0.0417101,0.146487,-0.0899587,-0.0263608
1.12811,-0.0678229,-0.0259789,0.160157,0.0378858,0.000386464,0.514737,0.0720029,0.00889624,0.101417,-0.337021,0.0468206,0.160157,0.161813,0.113426,0.514737,0.15769,0.167018,0.101417,0.024642,-0.0069284,1.12811,0.00771598,-0.0015585,0.514737,-0.0321477,0.00105248,0.101417,0.137789,-0.023715,1.12811,0.0070298,0.0480511,0.160157,-0.124682,-0.0239131
1.19202,-0.0660408,-0.0275427,0.173826,0.0426385,0.000483159,0.556893,0.0631833,0.00961516,0.110456,-0.305745,0.0421937,0.173826,0.140657,0.114587,0.556893,0.0825617,0.172048,0.110456,0.0147134,-0.00682897,1.19202,-0.00573569,-0.00115511,0.556893,-0.0264371,0.00172734,0.110456,0.144169,-0.0210338,1.19202,-0.0213154,0.0543921,0.173826,-0.151501,-0.0214654
1.25593,-0.0640487,-0.0291065,0.187495,0.0470884,0.000579854,0.599049,0.0540347,0.0103341,0.119496,-0.26386,0.0375667,0.187495,0.112565,0.115748,0.599049,0.0137711,0.177079,0.119496,0.00257797,-0.00672955,1.25593,-0.0172265,-0.00075172,0.599049,-0.0197253,0.0024022,0.119496,0.146457,-0.0183527,1.25593,-0.0428225,0.0607331,0.187495,-0.169801,-0.0190177
1.31985,-0.0623311,-0.0306702,0.201165,0.0512317,0.000676549,0.641205,0.0448085,0.011053,0.128536,-0.216236,0.0329397,0.201165,0.0815507,0.116909,0.641205,-0.0503038,0.18211,0.128536,-0.0101502,-0.00663012,1.31985,-0.0223375,-0.000348331,0.641205,-0.0126239,0.00307706,0.128536,0.143556,-0.0156715,1.31985,-0.0446588,0.0670741,0.201165,-0.18324,-0.01657
1.38376,-0.0611048,-0.032234,0.214834,0.0548885,0.000773244,0.683361,0.035631,0.0117719,0.137575,-0.166903,0.0283127,0.214834,0.0473906,0.118069,0.683361,-0.0979987,0.187141,0.137575,-0.0229673,-0.00653069,1.38376,-0.0225174,5.50579e-05,0.683361,-0.00484499,0.00375191,0.137575,0.138675,-0.0129903,1.38376,-0.0320536,0.0734152,0.214834,-0.190329,-0.0141223
1.44768,-0.0604827,-0.0337978,0.228503,0.057767,0.00086994,0.725517,0.0270488,0.0124908,0.146615,-0.117571,0.0236858,0.228503,0.0116371,0.11923,0.725517,-0.111188,0.192171,0.146615,-0.0357843,-0.00643127,1.44768,-0.0169395,0.000458447,0.725517,0.00331372,0.00442677,0.146615,0.133794,-0.0103091,1.44768,-0.00268505,0.0797562,0.228503,-0.190418,-0.0116746
1.51159,-0.0604775,-0.0353616,0.242173,0.0593789,0.000966635,0.767673,0.018555,0.0132097,0.155655,-0.0682377,0.0190588,0.242173,-0.0229425,0.120391,0.767673,-0.119707,0.197202,0.155655,-0.0486013,-0.00633184,1.51159,-0.00583176,0.000861835,0.767673,0.0115072,0.00510163,0.155655,0.128914,-0.00762796,1.51159,0.042661,0.0860972,0.242173,-0.182569,-0.00922694
1.57551,-0.0606584,-0.0369254,0.255842,0.0607628,0.00106333,0.809829,0.0105455,0.0139287,0.164694,-0.0189949,0.0144318,0.255842,-0.0570874,0.121552,0.809829,-0.107189,0.202233,0.164694,-0.0613722,-0.00623241,1.57551,0.00681375,0.00126522,0.809829,0.0196744,0.00577649,0.164694,0.123932,-0.00494678,1.57551,0.0924025,0.0924382,0.255842,-0.173496,-0.00677924
1.63942,-0.0614391,-0.0384891,0.269511,0.0604099,0.00116002,0.851985,0.00376001,0.0146476,0.173734,0.0228538,0.00980484,0.269511,-0.08624,0.122712,0.851985,-0.0485346,0.207264,0.173734,-0.0708811,-0.00613298,1.63942,0.0243417,0.00166861,0.851985,0.0274489,0.00645135,0.173734,0.113267,-0.00226561,1.63942,0.156069,0.0987792,0.269511,-0.156641,-0.00433154
1.70333,-0.0627368,-0.0400529,0.28318,0.0589406,0.00125672,0.894141,-0.00251276,0.0153665,0.182774,0.0618829,0.00517787,0.28318,-0.110954,0.123873,0.894141,0.023303,0.212295,0.182774,-0.0794291,-0.00603356,1.70333,0.0456248,0.002072,0.894141,0.0347769,0.0071262,0.182774,0.101836,0.00041557,1.70333,0.23026,0.10512,0.28318,-0.135912,-0.00188384
1.76725,-0.0646568,-0.0416167,0.29685,0.055768,0.00135341,0.936297,-0.00805144,0.0160854,0.191813,0.0914215,0.000550891,0.29685,-0.127898,0.125034,0.936297,0.111754,0.217325,0.191813,-0.0848918,-0.00593413,1.76725,0.0707357,0.00247539,0.936297,0.0413621,0.00780106,0.191813,0.0885646,0.00309675,1.76725,0.314867,0.111461,0.29685,-0.110188,0.000563855
1.83116,-0.066803,-0.0431805,0.310519,0.0511363,0.00145011,0.978453,-0.0128995,0.0168043,0.200853,0.110997,-0.00407609,0.310519,-0.137361,0.126195,0.978453,0.206827,0.222356,0.200853,-0.0872415,-0.0058347,1.83116,0.0971619,0.00287878,0.978453,0.0468374,0.00847592,0.200853,0.0739848,0.00577792,1.83116,0.40301,0.117802,0.310519,-0.0809409,0.00301156
1.89508,-0.0691671,-0.0447442,0.324188,0.0446791,0.00154681,1.02061,-0.0170581,0.0175233,0.209893,0.120857,-0.00870306,0.324188,-0.13677,0.127356,1.02061,0.301378,0.227387,0.209893,-0.0866163,-0.00573528,1.89508,0.124566,0.00328217,1.02061,0.0508787,0.00915078,0.209893,0.0584345,0.0084591,1.89508,0.493618,0.124143,0.324188,-0.0479248,0.00545925
1.95899,-0.0720863,-0.046308,0.337858,0.0362913,0.0016435,1.06276,-0.0205624,0.0182422,0.218932,0.1174,-0.01333,0.337858,-0.124885,0.128516,1.06276,0.386133,0.232418,0.218932,-0.0818757,-0.00563585,1.95899,0.15446,0.00368556,1.06276,0.0531348,0.00982563,0.218932,0.0419589,0.0111403,1.95899,0.590506,0.130484,0.337858,-0.0115177,0.00790695
2.0229,-0.0768496,-0.0478718,0.351527,0.0258269,0.0017402,1.10492,-0.0235342,0.0189611,0.227972,0.107326,-0.017957,0.351527,-0.100278,0.129677,1.10492,0.455354,0.237448,0.227972,-0.0749552,-0.00553642,2.0229,0.159401,0.00408895,1.10492,0.0535933,0.0105005,0.227972,0.0253931,0.0138214,2.0229,0.599994,0.136825,0.351527,0.0280602,0.0103547
2.08682,-0.0824916,-0.0494356,0.365196,0.0145382,0.00183689,1.14708,-0.0259827,0.01968,0.237012,0.0901726,-0.022584,0.365196,-0.0703799,0.130838,1.14708,0.505762,0.242479,0.237012,-0.0654822,-0.005437,2.08682,0.152451,0.00449233,1.14708,0.052133,0.0111754,0.237012,0.00928648,0.0165026,2.08682,0.567831,0.143166,0.365196,0.0687027,0.0128024
2.15073,-0.0881335,-0.0509993,0.378866,0.00160751,0.00193359,1.18923,-0.0277239,0.0203989,0.246051,0.069956,-0.027211,0.378866,-0.0295387,0.131999,1.18923,0.528714,0.24751,0.246051,-0.0545048,-0.00533757,2.15073,0.145502,0.00489572,1.18923,0.0480302,0.0118502,0.246051,-0.00561217,0.0191838,2.15073,0.535668,0.149507,0.378866,0.111142,0.0152501
2.21465,-0.0937755,-0.0525631,0.392535,-0.0119001,0.00203028,1.23139,-0.0294179,0.0211179,0.255091,0.04985,-0.0318379,0.392535,0.0159272,0.133159,1.23139,0.549798,0.252541,0.255091,-0.0427396,-0.00523814,2.21465,0.138552,0.00529911,1.23139,0.0437505,0.0125251,0.255091,-0.0184281,0.021865,2.21465,0.503506,0.155848,0.392535,0.153584,0.0176978
2.27856,-0.0994175,-0.0541269,0.406204,-0.0264373,0.00212698,1.27355,-0.0306031,0.0218368,0.264131,0.0317715,-0.0364649,0.406204,0.0696472,0.13432,1.27355,0.549593,0.257572,0.264131,-0.0309043,-0.00513871,2.27856,0.131602,0.0057025,1.27355,0.0375485,0.0131999,0.264131,-0.0293531,0.0245462,2.27856,0.471343,0.162189,0.406204,0.196032,0.0201455
2.34247,-0.10506,-0.0556907,0.419873,-0.0409745,0.00222367,1.3157,-0.0314879,0.0225557,0.27317,0.0201337,-0.0410919,0.419873,0.123367,0.135481,1.3157,0.535915,0.262602,0.27317,-0.0197142,-0.00503929,2.34247,0.124652,0.00610589,1.3157,0.0301989,0.0138748,0.27317,-0.0364618,0.0272273,2.34247,0.43918,0.16853,0.419873,0.23848,0.0225932
2.40639,-0.110702,-0.0572545,0.433543,-0.0559028,0.00232037,1.35786,-0.0319001,0.0232746,0.28221,0.0145051,-0.0457189,0.433543,0.182198,0.136642,1.35786,0.496856,0.267633,0.28221,-0.00945652,-0.00493986,2.40639,0.117702,0.00650928,1.35786,0.0209859,0.0145496,0.28221,-0.040844,0.0299085,2.40639,0.407017,0.174871,0.433543,0.27934,0.0250409
2.4703,-0.116343,-0.0588182,0.447212,-0.0709301,0.00241706,1.40001,-0.0323101,0.0239935,0.29125,0.0254998,-0.0503458,0.447212,0.244443,0.137803,1.40001,0.45768,0.272664,0.29125,-0.00210624,-0.00484043,2.4703,0.110753,0.00691267,1.40001,0.0117644,0.0152245,0.29125,-0.0383311,0.0325897,2.4703,0.374854,0.181212,0.447212,0.318092,0.0274886
2.53422,-0.121985,-0.060382,0.460881,-0.0832603,0.00251376,1.44217,-0.0327202,0.0247124,0.300289,0.0373603,-0.0549728,0.460881,0.303344,0.138963,1.44217,0.418504,0.277695,0.300289,0.00508689,-0.00474101,2.53422,0.103803,0.00731605,1.44217,0.00254299,0.0158994,0.300289,-0.0354675,0.0352709,2.53422,0.342692,0.187553,0.460881,0.342116,0.0299363
2.59813,-0.127627,-0.0619458,0.474551,-0.0950167,0.00261045,1.48433,-0.0329054,0.0254314,0.309329,0.0595984,-0.0595998,0.474551,0.361311,0.140124,1.48433,0.361729,0.282725,0.309329,0.0102854,-0.00464158,2.59813,0.0968529,0.00771944,1.48433,-0.00764185,0.0165742,0.309329,-0.028266,0.037952,2.59813,0.310529,0.193894,0.474551,0.363186,0.032384
2.66205,-0.133269,-0.0635096,0.48822,-0.106773,0.00270715,1.52648,-0.0330445,0.0261503,0.318369,0.0882843,-0.0642268,0.48822,0.419277,0.141285,1.52648,0.297203,0.287756,0.318369,0.0141404,-0.00454215,2.66205,0.089903,0.00812283,1.52648,-0.0180816,0.0172491,0.318369,-0.0182416,0.0406332,2.66205,0.278366,0.200235,0.48822,0.384256,0.0348317
2.72596,-0.138911,-0.0650733,0.501889,-0.118529,0.00280384,1.56864,-0.033198,0.0268692,0.327408,0.121175,-0.0688537,0.501889,0.477244,0.142446,1.56864,0.226828,0.292787,0.327408,0.0169598,-0.00444273,2.72596,0.0829532,0.00852622,1.56864,-0.0285564,0.0179239,0.327408,-0.00618075,0.0433144,2.72596,0.246203,0.206576,0.501889,0.405327,0.0372794
2.78987,-0.144553,-0.0666371,0.515559,-0.130286,0.00290054,1.61079,-0.033455,0.0275881,0.336448,0.156186,-0.0734807,0.515559,0.535211,0.143606,1.61079,0.15142,0.297818,0.336448,0.0188002,-0.0043433,2.78987,0.0760034,0.00892961,1.61079,-0.03877,0.0185988,0.336448,0.00746707,0.0459956,2.78987,0.214041,0.212917,0.515559,0.426397,0.0397271
2.85379,-0.150195,-0.0682009,0.529228,-0.142042,0.00299723,1.65295,-0.0338564,0.028307,0.345488,0.191198,-0.0781077,0.529228,0.593177,0.144767,1.65295,0.0727325,0.302849,0.345488,0.0206406,-0.00424387,2.85379,0.0690535,0.009333,1.65295,-0.0485679,0.0192736,0.345488,0.0211149,0.0486767,2.85379,0.181878,0.219258,0.529228,0.447467,0.0421748
2.9177,-0.155837,-0.0697647,0.542897,-0.153798,0.00309393,1.69511,-0.0348101,0.029026,0.354527,0.221937,-0.0827347,0.542897,0.651144,0.145928,1.69511,-0.00108039,0.307879,0.354527,0.0222319,-0.00414445,2.9177,0.0621037,0.00973639,1.69511,-0.0565319,0.0199485,0.354527,0.0342889,0.0513579,2.9177,0.149715,0.225599,0.542897,0.468538,0.0446225
2.98162,-0.161479,-0.0713284,0.556566,-0.159435,0.00319062,1.73726,-0.0378338,0.0297449,0.363567,0.251773,-0.0873616,0.556566,0.689947,0.147089,1.73726,-0.0566278,0.31291,0.363567,0.0237705,-0.00404502,2.98162,0.0551539,0.0101398,1.73726,-0.0576241,0.0206234,0.363567,0.0473626,0.0540391,2.98162,0.117552,0.23194,0.556566,0.465509,0.0470702
3.04553,-0.167121,-0.0728922,0.570236,-0.162219,0.00328732,1.77942,-0.0408575,0.0304638,0.372607,0.2793,-0.0919886,0.570236,0.719818,0.148249,1.77942,-0.112175,0.317941,0.372607,0.0254418,-0.00394559,3.04553,0.0482041,0.0105432,1.77942,-0.0587164,0.0212982,0.372607,0.0598528,0.0567203,3.04553,0.0853894,0.238281,0.570236,0.451248,0.0495178
3.10944,-0.172763,-0.074456,0.583905,-0.165003,0.00338401,1.82157,-0.0438811,0.0311827,0.381646,0.296386,-0.0966156,0.583905,0.749689,0.14941,1.82157,-0.167722,0.322972,0.381646,0.0278407,-0.00384616,3.10944,0.0412542,0.0109466,1.82157,-0.0598086,0.0219731,0.381646,0.0695466,0.0594014,3.10944,0.0532266,0.244622,0.583905,0.436987,0.0519655
3.17336,-0.178405,-0.0760198,0.597574,-0.16508,0.00348071,1.86373,-0.0469048,0.0319016,0.390686,0.296376,-0.101243,0.597574,0.76963,0.150571,1.86373,-0.22327,0.328002,0.390686,0.0319538,-0.00374674,3.17336,0.0343044,0.0113499,1.86373,-0.0609009,0.0226479,0.390686,0.0740208,0.0620826,3.17336,0.0210638,0.250963,0.597574,0.413232,0.0544132
3.23727,-0.184047,-0.0775835,0.611244,-0.16062,0.0035774,1.90589,-0.0499285,0.0326206,0.399726,0.24721,-0.10587,0.611244,0.772936,0.151732,1.90589,-0.278817,0.333033,0.399726,0.041401,-0.00364731,3.23727,0.0273546,0.0117533,1.90589,-0.0619931,0.0233228,0.399726,0.0629908,0.0647638,3.23727,-0.011099,0.257304,0.611244,0.373571,0.0568609
3.30119,-0.189689,-0.0791473,0.624913,-0.152439,0.0036741,1.94804,-0.0529521,0.0333395,0.408765,0.198044,-0.110497,0.624913,0.761853,0.152893,1.94804,-0.334365,0.338064,0.408765,0.0508482,-0.00354788,3.30119,0.0204047,0.0121567,1.94804,-0.0630854,0.0239976,0.408765,0.0519607,0.067445,3.30119,-0.0432618,0.263645,0.624913,0.321453,0.0593086
3.3651,-0.195331,-0.0807111,0.638582,-0.137545,0.00377079,1.9902,-0.0559758,0.0340584,0.417805,0.148878,-0.115124,0.638582,0.724823,0.154053,1.9902,-0.389912,0.343095,0.417805,0.0602954,-0.00344846,3.3651,0.0134549,0.0125601,1.9902,-0.0641776,0.0246725,0.417805,0.0409307,0.0701261,3.3651,-0.0754246,0.269986,0.638582,0.24687,0.0617563
3.42902,-0.200973,-0.0822749,0.652252,-0.122651,0.00386749,2.03235,-0.0589995,0.0347773,0.426844,0.0997127,-0.11975,0.652252,0.687792,0.155214,2.03235,-0.445459,0.348125,0.426844,0.0697426,-0.00334903,3.42902,0.00650509,0.0129635,2.03235,-0.0652699,0.0253474,0.426844,0.0299006,0.0728073,3.42902,-0.107587,0.276327,0.652252,0.172287,0.064204
3.49293,-0.206615,-0.0838387,0.665921,-0.107757,0.00396418,2.07451,-0.0620231,0.0354962,0.435884,0.050547,-0.124377,0.665921,0.650762,0.156375,2.07451,-0.501007,0.353156,0.435884,0.0791898,-0.0032496,3.49293,-0.00044474,0.0133669,2.07451,-0.0663622,0.0260222,0.435884,0.0188706,0.0754885,3.49293,-0.13975,0.282668,0.665921,0.0977044,0.0666517
3.55684,-0.212257,-0.0854024,0.67959,-0.0897098,0.00406088,2.11667,-0.0650468,0.0362151,0.444924,0.00138126,-0.129004,0.67959,0.60125,0.157536,2.11667,-0.556554,0.358187,0.444924,0.088637,-0.00315018,3.55684,-0.00739457,0.0137703,2.11667,-0.0674544,0.0266971,0.444924,0.00784053,0.0781697,3.55684,-0.171913,0.289009,0.67959,0.0128065,0.0690994
3.62076,-0.217899,-0.0869662,0.69326,-0.0631644,0.00415757,2.15882,-0.0680705,0.0369341,0.453963,-0.0477845,-0.133631,0.69326,0.517917,0.158696,2.15882,-0.612101,0.363218,0.453963,0.0980842,-0.00305075,3.62076,-0.0143444,0.0141737,2.15882,-0.0685467,0.0273719,0.453963,-0.00318952,0.0808508,3.62076,-0.204076,0.29535,0.69326,-0.0997555,0.0715471
