rep,id,Cl,V1,Q,V2,eta_Cl,eta_V1,eta_Q,eta_V2
1,1,2.3083779660848,3.08020673262905,5.90053760478588,1.70802829177053,-0.277081934238488,1.08374571983205e-7,2.27595049646367,-0.998196829590806
2,1,2.27358019436412,3.08020671239065,3.5236245847877,1.97776474747951,-0.311879705959168,8.81361748028553e-8,-0.100962523534511,-0.728460373881832
3,1,2.3234089826058,3.08020651879203,6.0239605600119,1.75316151277844,-0.262050917717492,-1.05462448551918e-7,2.3993734516897,-0.953063608582901
4,1,2.3055145076618,3.08020669060252,4.46797757641012,1.52123359169854,-0.279945392661492,6.63480399509808e-8,0.84339046808791,-1.1849915296628
1,2,2.52351142114762,3.08020659609224,4.36442913971471,3.76376802747131,-0.0619484791756726,-2.81622338782483e-8,0.739842031392504,1.05754290610998
2,2,2.41853478827449,3.08020652729715,5.00779800379974,3.75582387737704,-0.1669251120488,-9.69573270559465e-8,1.38321089547753,1.04959875601571
3,2,2.44679106543462,3.0802067107019,4.51141542155553,3.82407812051394,-0.138668834888669,8.64474256623282e-8,0.886828313233322,1.1178529991526
4,2,2.46119841032084,3.08020667286113,4.27652772444909,3.77596082057365,-0.124261490002454,4.86066542570995e-8,0.651940616126887,1.06973569921231
1,3,2.52336500831547,3.08020657011819,3.64284333798534,2.15438637488519,-0.0620948920078144,-5.41362852324312e-8,0.018256229663137,-0.551838746476145
2,3,2.54023420846129,3.08020664673868,2.98257918348356,2.37139233809633,-0.0452256918619991,2.24842024998395e-8,-0.642007924838642,-0.334832783265003
3,3,2.52042056256695,3.08020648681049,3.33192067859851,2.02083915933038,-0.0650393377563385,-1.37443986414354e-7,-0.292666429723694,-0.685385962030952
4,3,2.50672527048249,3.08020661925351,2.67858798694342,2.0764332362887,-0.0787346298408012,-5.00096453137644e-9,-0.94599912137879,-0.629791885072641
1,4,2.65059799934292,3.08020659827733,2.2162632913579,2.70634449890326,0.0651380990196357,-2.59771422150834e-8,-1.4083238169643,0.000119377541920151
2,4,2.66045590583618,3.08020660502976,2.01808498040327,2.83210906143215,0.0749960055128955,-1.92247155972325e-8,-1.60650212791893,0.125883940070808
3,4,2.64050289614486,3.08020657360448,1.56731223085131,2.25988920624838,0.055042995821573,-5.06499984176401e-8,-2.0572748774709,-0.446335915112958
4,4,2.60383502695066,3.08020674739453,3.59706145079396,1.77799359984016,0.0183751266273702,1.23140055041659e-7,-0.0275256575282472,-0.928231521521177
1,5,2.43083255689884,3.08020653407172,1.60024272389076,3.76716748626276,-0.154627343424445,-9.01827599264493e-8,-2.02434438443145,1.06094236490143
2,5,2.48639185584779,3.08020664490693,2.06461962668733,4.52332632579279,-0.0990680444754961,2.06524517487594e-8,-1.55996748163488,1.81710120443145
3,5,2.41442312170267,3.08020663737901,1.64016613505796,3.50535954055429,-0.171036778620616,1.31245379009215e-8,-1.98442097326425,0.799134419192953
4,5,2.3727070136803,3.0802065948595,1.59482459329383,4.49550147025754,-0.212752886642984,-2.93949762308898e-8,-2.02976251502838,1.7892763488962
1,6,2.67068707940519,3.08020643339851,7.73300168763497,2.61186034642424,0.0852271790819001,-1.90855965254144e-7,4.10841457931276,-0.0943647749370977
2,6,2.6706050647961,3.0802066977657,5.20161817400937,2.45111632544168,0.0851451644728143,7.35112242189473e-8,1.57703106568717,-0.25510879591966
3,6,2.80653140668535,3.0802066013917,6.96000833799141,2.46395249647591,0.221071506362065,-2.28627787812741e-8,3.3354212296692,-0.242272624885431
4,6,2.70127878726448,3.08020661415896,3.75431145920826,2.49374457571614,0.115818886941194,-1.00955173110151e-8,0.129724350886053,-0.212480545645194
1,7,2.73996226815499,3.08020660420027,5.74275637485968,2.15055545674935,0.154502367831699,-2.00542049633157e-8,2.11816926653747,-0.555669664611985
2,7,2.66360123850066,3.08020662856947,4.3488231957479,2.41612895868982,0.0781413381773732,4.31499236341892e-9,0.724236087425693,-0.29009616267152
3,7,2.7013738139494,3.08020669884702,5.13670345825363,2.06399843273296,0.115913913626111,7.45925441414386e-8,1.51211634993142,-0.642226688628377
4,7,2.77099569323213,3.08020654928748,3.76540115649993,2.43836068113413,0.185535792908837,-7.49669926136676e-8,0.140814048177724,-0.267864440227207
1,8,2.94984562729451,3.08020649986414,5.13973247546814,2.46250975869304,0.364385726971223,-1.24390339362179e-7,1.51514536714594,-0.2437153626683
2,8,2.82241241488734,3.08020661154855,3.45488313819199,2.43351806556005,0.236952514564054,-1.27059278653974e-8,-0.169703970130221,-0.272707055801282
3,8,2.89291979263137,3.08020665472292,4.49944651284121,2.65071823442245,0.307459892308078,3.04684419916157e-8,0.874859404518999,-0.0555068869388844
4,8,2.70965749798562,3.08020659708995,3.86847259808379,2.69959267178527,0.124197597662332,-2.71645288485445e-8,0.243885489761587,-0.00663244957607168
1,9,2.60600857735746,3.080206642648,1.64401396995928,3.41088510999723,0.0205486770341725,1.8393524037208e-8,-1.98057313836293,0.704659988635898
2,9,2.65207287925596,3.08020661569203,1.06552449680274,2.32747145828397,0.0666129789326755,-8.56244231073333e-9,-2.55906261151947,-0.378753663077366
3,9,2.63938159096276,3.08020678760403,1.67664080719466,2.22719558049793,0.0539216906394713,1.63349556547843e-7,-1.94794630112755,-0.479029540863407
4,9,2.6611347095304,3.08020656549001,1.56833800908943,2.67295025376491,0.0756748092071109,-5.876446973474e-8,-2.05624909923277,-0.0332748675964258
1,10,2.20307996382846,3.08020658005215,5.28008915850048,3.68485257431462,-0.382379936494825,-4.4202328464138e-8,1.65550205017827,0.978627452953284
2,10,2.12653262536767,3.08020664650054,5.22949848999902,3.52973844832435,-0.45892727495562,2.22460667664848e-8,1.60491138167681,0.82351332696301
3,10,2.07582608996437,3.08020671021215,5.44718812853139,3.75293272731457,-0.509633810358916,8.59576729794753e-8,1.82260102020919,1.04670760595323
4,10,2.17865391995498,3.08020675383708,6.22191118493946,3.66768831827732,-0.406805980368307,1.2958260553475e-7,2.59732407661725,0.96146319691598
1,11,2.93320400055253,3.0802066431608,4.15130861564401,3.1214592327412,0.347744100229239,1.89063209532492e-8,0.5267215073218,0.415234111379864
2,11,2.9508467179987,3.08020656592083,4.81196452330739,2.51972834052153,0.365386817675412,-5.83336428050529e-8,1.18737741498518,-0.186496780839804
3,11,2.90324072351976,3.08020665561426,4.29220821943405,2.64683120742106,0.317780823196471,3.13597858792036e-8,0.667621111111842,-0.0593939139402737
4,11,3.03434304047621,3.08020667147852,5.40263454872871,2.74339986231493,0.448883140152922,4.7224038901561e-8,1.7780474404065,0.0371747409535974
1,12,2.59381083568693,3.08020665441497,6.21845931350166,2.22766906771749,0.00835093536363951,3.01604887731344e-8,2.59387220517945,-0.47855605364385
2,12,2.47702292745873,3.08020654190631,3.6157561983549,2.14843733948643,-0.108436972864563,-8.23481656198055e-8,-0.00883090996730251,-0.557787781874911
3,12,2.53247996942192,3.08020648795541,2.29542221063039,1.83370108863162,-0.0529799309013734,-1.3629906847612e-7,-1.32916489769182,-0.872524032729719
4,12,2.44594420137655,3.08020657747395,2.87810494509395,2.32853481224566,-0.139515698946736,-4.67805221227025e-8,-0.746482163228259,-0.377690309115673
1,13,2.82746876732318,3.08020666875868,3.39230193405516,2.98829305302848,0.242008866999894,4.45041981045335e-8,-0.232285174267051,0.282067931667139
2,13,2.91897559510931,3.08020676188463,3.74204668138898,3.05775609978401,0.333515694786019,1.37630153052015e-7,0.117459573066775,0.351530978422678
3,13,2.84431110073117,3.08020663193404,3.3390786639144,2.59408636855883,0.258851200407878,7.6795609871283e-9,-0.285508444407806,-0.11213875280251
4,13,2.89710732222252,3.08020665469329,4.15355670590484,2.73533379538452,0.311647421899233,3.04388159122482e-8,0.528969597582628,0.0291086740231856
1,14,2.32878950650057,3.08020664533507,-0.760518818070724,3.77358589014191,-0.256670393822721,2.10805919387269e-8,-4.38510592639293,1.06736076878057
2,14,2.35208646443779,3.08020670264879,0.173767622474024,2.65169179705893,-0.233373435885502,7.83943154836209e-8,-3.45081948584818,-0.0545333243024082
3,14,2.32405147155543,3.08020657517885,-0.924079278801538,1.54870357244898,-0.261408428767863,-4.90756235649314e-8,-4.54866638712374,-1.15752154891236
4,14,2.34207477817126,3.0802064624375,-0.365568000653932,1.8207176875369,-0.243385122152033,-1.61816978039298e-7,-3.99015510897614,-0.885507433824436
1,15,2.68100489126153,3.08020662224024,3.36688841476836,3.21959402695134,0.0955449909382424,-2.01423722145933e-9,-0.257698693553851,0.513368905590006
2,15,2.78141450556219,3.08020661399349,3.49672601547583,3.59004899958639,0.195954605238896,-1.02609836183376e-8,-0.127861092846376,0.883823878225051
3,15,2.69242537992708,3.08020658717829,3.30154487601122,3.97846735476138,0.106965479603796,-3.70761878976111e-8,-0.323042232310986,1.27224223340004
4,15,2.77347262703154,3.08020664930939,3.49162413784587,3.09145695615125,0.188012726708249,2.50549128111288e-8,-0.132962970476338,0.385231834789917
