rep,id,Cl,V1,Q,V2
1,1,13.8642595461983,21.76290117625,2.91878852721185,19.0016195277425
2,1,13.9597093128219,21.762907000832,1.84810108582466,160.887706750915
3,1,15.5046003665396,21.7629004691464,2273.73000812167,4.2719028780727
4,1,13.8733614426015,21.7629018478,5.19016952269302,6.7579270678294
1,2,9.84798507609297,21.7629018452614,64912.8449462895,8.19205946105342
2,2,9.57930208922068,21.762901911011,147.285073264574,3.41110522928498
3,2,9.88859484464238,21.7629036293656,16327.7656174385,6.73085247905275
4,2,9.78733428291351,21.7629053777399,3339.5649551991,5.87911830609912
1,3,9.70080344882847,21.7628981449573,0.0209384311146529,48.8241961887386
2,3,10.6659508568365,21.762898624089,0.754597511268952,3.09897311840318
3,3,9.91660005480629,21.7628896955505,0.906077764316183,9.34753506668575
4,3,10.1226089089018,21.7628967468438,0.0615558101641564,9.40310271314377
1,4,8.65227836336707,21.7629001917499,1502.81655911889,28.2833868145846
2,4,8.81161699558126,21.7629024829346,1303.34606378434,33.5404127999432
3,4,8.45318112758815,21.762899296236,186.134237432546,54.0701325439052
4,4,8.40124402020399,21.7629003368602,593.9497326869,39.141907409879
1,5,8.18883331606948,21.7628994109522,944.793706865142,31.208653111563
2,5,8.41193142680009,21.7629047854536,3556.97381546157,46.4050967545485
3,5,8.46166280982736,21.762905533435,3744.68503815767,35.9273765935261
4,5,8.99001368074197,21.7628959864362,360.968752502156,34.104731536505
1,6,9.63480578392479,21.7628960705443,442859.960979786,6.83070873125186
2,6,9.78699027312982,21.7629046690768,6495.84506787898,4.57102259434143
3,6,9.98619086671391,21.7628981209653,1198.51321340081,4.46876412545192
4,6,9.3680216531042,21.7629006353146,24.6194063116846,6.33567906491958
1,7,12.1922168246096,21.7629074882915,3687.56070301852,38.573116346325
2,7,11.5850434317604,21.7628959557453,96.9260983353187,42.1995406333408
3,7,11.2199464179112,21.7629047571196,90.2231613066999,52.8680481132651
4,7,11.0678402631916,21.7628984590781,133.5578282913,46.5291279766084
1,8,10.2499933871938,21.7628982874509,0.660524425624673,17.4543438175194
2,8,9.85445909491114,21.7628917938737,0.550258556201165,4.46346562618771
3,8,10.1157548969309,21.7628940363942,0.228425118915526,1.51343675667417
4,8,9.28531581983234,21.7628983866967,0.839085403606954,68.3698907748174
1,9,15.2267453737942,21.7629010186134,187.198616149549,11.3345279200639
2,9,14.3514738461811,21.7628858115558,308.988544617377,11.2039670882435
3,9,14.9595460036153,21.7628998529214,476.309039167793,9.56098981456957
4,9,14.5148888349748,21.7628946343895,86.3418885811854,14.0760232981403
1,10,12.3553451460464,21.7629040429708,95.2194072222319,54.4974132879556
2,10,10.7616900471292,21.762906445071,86.3734575784107,78.800873236226
3,10,10.7093324915641,21.7629055015035,155.066330429893,57.3752854073586
4,10,11.2998768294412,21.7629050000963,112.241706795098,52.9786880055808
1,11,9.41278954760961,21.7629100355699,26.9797328818411,7.12540282242827
2,11,9.77721654812595,21.7629002507641,2123.72121247465,4.93099524633952
3,11,9.80305031483898,21.7629047732243,102.114777022694,6.34391873685251
4,11,10.1850172342673,21.7628981518679,46547.8181616841,4.63572013902593
1,12,8.53299435049484,21.7629027108812,28427.2933683877,49.4252716025298
2,12,8.40016915091516,21.7629000051784,551.767627127145,32.5352161616067
3,12,8.84098921133434,21.7628905973035,347.836428464833,33.3137579659135
4,12,8.08621765588916,21.7628931313323,125.196647500898,34.9164083677074
1,13,9.4833578430787,21.7628947571274,152.726444234714,5.95659013888362
2,13,10.3900020436293,21.7628993488134,170.586787281589,6.04270388361682
3,13,9.77634819668031,21.7629036882105,38.2086598061713,5.44194714795225
4,13,9.70555070095051,21.7628956338505,2826.59447999489,5.02772143230141
1,14,19.6421112176019,21.7628952904084,2111.67790140604,15.5226444732203
2,14,18.5653476847727,21.7629071587168,880.528207510234,15.2989834115368
3,14,19.4760424838996,21.7628896552987,104.507487589719,18.8621456542037
4,14,19.3726288827191,21.7628921269201,72.9652609953441,17.1531792837157
1,15,13.8053263145102,21.7629051909603,2.66662823596857,70.5019723107096
2,15,14.0404309092824,21.7629019957259,7.53105737221201,6.40153195981178
3,15,13.6008483246209,21.7628944728842,5.12497644967125,7.21530351402711
4,15,14.2454908387029,21.7629006749932,4.86165466227744,10.8992037178441
