rep,id,eta_Cl,eta_V1,eta_Q,eta_V2
1,1,-0.182098591209459,8.0681874958799e-8,1.44732519733084,-0.503539153764091
2,1,-0.188666212765618,7.0866549961579e-8,0.532989169478933,-0.204866777969817
3,1,-0.188222717928944,-7.08404033211707e-8,4.34433848080151,-0.494169906145263
4,1,-0.151683868165829,2.82547740759753e-8,0.879039611055969,-0.509007449506734
1,2,0.203735883031805,1.87678601548669e-8,-0.195986731142542,0.602619744842931
2,2,0.0776808010241368,-1.41001570419519e-8,-0.120726129466975,1.21815716186038
3,2,0.227044539959318,5.15804523537611e-8,-0.0369295343308629,0.889591036675057
4,2,0.197676386447116,8.99160785827746e-8,-0.47439586091313,0.773911748797224
1,3,0.191574308306306,5.15378375531839e-8,-0.255632154615482,1.03773535299747
2,3,0.212899652313773,2.22955920392565e-9,-0.390928546205545,0.775324541942931
3,3,0.189400183239515,-8.22402683731127e-8,-0.101797019730414,0.779792256110765
4,3,0.200089289287497,-4.52654891347493e-8,-0.129404684737088,0.739662921090213
1,4,-0.215851629976368,-1.5643653039632e-8,-3.26363161044373,0.357558379635496
2,4,-0.192134544571919,-5.1514210230863e-8,-4.11676261526726,1.2683076458179
3,4,-0.235948753304224,-1.97902734200284e-8,-4.00812559462167,-0.0923409041186281
4,4,-0.262263405190748,-3.69413952761022e-8,-4.03512555151597,0.549805111501813
1,5,-0.285153898675756,4.4323886339015e-8,-0.270217413168583,-0.896054276326229
2,5,-0.277058475404381,2.84056720367687e-8,0.326091790500119,-0.64837942451944
3,5,-0.298232302379554,6.46748343768877e-9,-0.00633289650618352,-0.71867498085491
4,5,-0.331706717788076,2.99646796264597e-8,0.413160747839953,-0.825220978617644
1,6,0.137160338818872,-1.40795239023106e-7,-0.560879583648435,1.03162180634006
2,6,0.203835422423304,2.66314565955383e-8,0.0624537102948914,0.846363790704429
3,6,0.14850062391106,-3.42039223610868e-8,0.0706152027645852,0.962719550117798
4,6,0.143932747502372,5.67202040890891e-8,-0.340559947476385,0.898009467827026
1,7,0.139313153907098,-1.2905979840383e-8,-1.2134531942583,-0.589701092117293
2,7,0.0622647283829405,9.45656974948861e-9,-1.55082552441879,-0.996193824037074
3,7,0.0697892416226726,5.89862150235376e-8,-1.63682051740062,-1.03760457210787
4,7,0.0940331200738331,-7.75993447277301e-9,-2.13476448284279,-0.738655083347608
1,8,0.371378049379596,-6.26521097224497e-8,1.65762632564174,0.0443781682746938
2,8,0.328342447608854,3.30077387644678e-9,0.641176718397302,-0.247292125900966
3,8,0.384951348727912,3.62983345603141e-8,0.399215322758407,0.148529998705067
4,8,0.187281252703567,1.46553591484633e-8,-0.106938961342446,0.391329307548363
1,9,0.460750506284657,-6.82555567621534e-8,1.0269981777973,-0.020321243693302
2,9,0.423145580159748,-3.98822561642476e-8,1.20744910067146,-0.0400574707690056
3,9,0.354353965423191,2.29319088163038e-8,0.944037694365091,-0.165202638215558
4,9,0.385426670435679,-3.73541597653571e-8,0.210883538027898,0.255660757873403
1,10,-0.141387303972234,2.39385351541443e-8,-3.95571382451027,-0.9199441952779
2,10,-0.28161073452825,4.38422667059513e-8,-5.30411971624405,-0.589825990978022
3,10,-0.301383523218774,6.16350575022295e-8,-4.28593179216493,0.293311334370334
4,10,-0.286515742109412,1.11931028889956e-7,-3.52118492296847,-0.229909263814777
1,11,0.0866837541719359,2.00443759368341e-8,-0.764611503123877,0.240321849113126
2,11,0.0540380049292302,-3.61193279729832e-8,1.95019150440972,-0.46266884956513
3,11,0.104629488566692,3.6177858042663e-8,0.511380116835097,0.18919357030783
4,11,0.162870560024117,-1.35800695133526e-8,2.69425293822357,-0.179012311241187
1,12,-0.0187957317824061,3.39664558701713e-8,4.51781579932079,-0.322639989534655
2,12,0.00178021857944666,-5.70649598685691e-8,0.704504989684389,-0.745450541993017
3,12,-0.0424489812727709,-5.50391763276536e-8,-1.59094906643006,-0.838032145904235
4,12,-0.00481441402334992,-3.59104261882237e-8,-0.670156124794196,-0.750145477755204
1,13,-0.329313361306942,-1.94956997212614e-8,1.55270534367018,-0.670464631140796
2,13,-0.267817703036014,5.57094641528977e-8,-1.56572795644603,-0.676871718735537
3,13,-0.301231951976157,2.75944884720047e-8,-1.18112610843805,-0.799403919000852
4,13,-0.307349743778704,-1.17700941881793e-7,-0.110265478301295,-1.67266705212055
1,14,-0.379693179128212,-3.83229190603629e-8,3.1125933761013,0.524237793058419
2,14,-0.400548312228166,5.65095201743304e-8,2.89439830919645,0.853867722535001
3,14,-0.376807232005842,-5.88330273387783e-9,1.38147439098334,0.878151942015283
4,14,-0.434740687045092,1.73503829081767e-8,1.95422535471905,0.824422426102208
1,15,0.144138400689994,6.10489880870091e-8,-1.16339583122287,0.0500234836734608
2,15,0.240100492421381,3.608379817166e-8,-0.428687986167637,-0.350844459448335
3,15,0.238418458547691,-2.4862758074562e-8,0.102742026058024,-1.03207738504055
4,15,0.22378991657841,1.92220155348366e-8,-1.66231702699874,-0.274460896624381
