rep,id,eta_Cl,eta_V1,eta_Q,eta_V2
1,1,-0.121177700484523,7.96951602488605e-8,1.58886266321168,-0.770361362211265
2,1,-0.150695481735928,8.28096080596197e-8,0.289291497172348,-0.44313707069339
3,1,-0.0603190784779595,1.85299224852997e-8,2.5596305348319,-0.753692983299341
4,1,-0.153560800782923,4.87388880365813e-8,0.845750434358874,-0.254589742777489
1,2,-0.28174690764243,7.63709397944012e-8,-1.25624109355284,1.19539958785194
2,2,-0.321768386371065,-2.37161845717537e-9,-1.23899733978923,0.386756275615229
3,2,-0.202607552945743,1.62668229997109e-8,-1.22950206977233,1.07572108076922
4,2,-0.265238545542564,1.53996291274439e-8,-1.35222700039601,0.702354898014289
1,3,0.194132236927268,1.24405410417694e-8,1.43597443269525,-0.257121263090503
2,3,0.19266029073613,7.37381791182656e-8,1.59487021392669,-0.177651755918106
3,3,0.11345583104399,-4.57919195895329e-8,0.824901119253574,0.0049878253094735
4,3,0.156411096760035,-4.82549102898133e-8,0.713307336157262,-0.20059707098256
1,4,-0.245359230777234,-6.16147755039265e-9,1.65990014959385,0.828441547969312
2,4,-0.250685617429004,5.15970253189835e-8,1.53559995768047,1.2523304322611
3,4,-0.24946865478493,9.94155602285218e-9,1.79243776844283,1.14796109688117
4,4,-0.228922160471249,-4.62890192842735e-8,1.94658823268299,0.97047934524445
1,5,0.167871230692072,-4.71744572294597e-8,1.80157990158688,-0.34593487237126
2,5,0.179748832354244,-1.07395741189009e-8,1.75466661226624,0.120263059910665
3,5,0.133493456149899,4.71976280280728e-9,1.32796462027172,-0.110886101120246
4,5,0.111954751501795,-4.56862312425699e-8,0.593378353906454,-0.226283920804053
1,6,0.118449452164608,-1.43241454253484e-7,-0.521423292508783,-0.383851223824032
2,6,0.132342641587775,4.61867704082408e-8,-0.124721953830259,-0.291544921421849
3,6,0.163391577334779,-2.0336712758251e-8,-0.214351295887396,-0.734415839621556
4,6,0.177406326224902,3.02174174571235e-8,-0.874665851531669,-0.557021065003882
1,7,-0.356831605169562,-7.20496586836816e-8,-2.95464350912224,0.0560749483723613
2,7,-0.380053840665524,3.64104613126415e-9,-2.58386329343986,-1.11272253687535
3,7,-0.3168095379988,5.15058755645725e-8,-4.7001302168859,-0.271777020613079
4,7,-0.301707255528549,1.49649568292887e-8,-5.00194616715671,1.08700952037157
1,8,0.157322670873107,-9.92776700847742e-8,0.21429873855497,-0.540466440712182
2,8,0.087286791143856,-1.05384407866893e-8,-0.764203014833903,-0.724298975959436
3,8,0.119193762672526,4.40175385030273e-8,-0.269854997581763,-0.211537279707859
4,8,-0.0153929359117955,-5.55859935857939e-9,-0.598504233270551,-0.338625956774448
1,9,0.127667457340815,2.09596460187811e-8,0.562090234072302,0.55561916822014
2,9,0.0889335375785807,-5.40374842650237e-8,0.931657454807251,0.407949410283214
3,9,0.0813743451859499,1.26915211673406e-8,0.535175276280208,0.500227690966608
4,9,0.0670796419551056,-1.34564159814943e-8,0.178804825772849,0.572953473406363
1,10,-0.0144458681079564,5.34770996374334e-8,-1.91685424905457,-0.320309145194397
2,10,-0.135471473755027,1.97858236461457e-8,-1.31200761308337,-0.477186891255154
3,10,-0.0915063774698401,5.00275110226767e-8,-1.16927178578859,-0.375261246382901
4,10,-0.0732238539960628,6.25888101346561e-8,-0.66223876224568,-0.686941928178777
1,11,0.110813874663815,9.67227289372374e-8,-0.159954532962399,-0.212818961290576
2,11,0.12977294281509,-4.37580935930271e-8,-0.637209383246393,-0.812058338759073
3,11,0.13638540052676,1.09190523289726e-9,-0.533763039402529,-0.895189227541852
4,11,0.121698996606549,-3.63706100792172e-8,-0.716005378409174,-0.358387313736174
1,12,-0.308190799081888,1.81810122512616e-9,-2.1127000037731,-0.534302740221354
2,12,-0.358141144554846,-7.51492015282906e-8,-3.08906750008796,-0.872939416314932
3,12,-0.386817829881477,-2.73910045756054e-8,-3.45722404641903,-1.60457566671053
4,12,-0.338381960384671,-1.61761262162941e-8,-3.53539927465968,0.433790068854204
1,13,0.132524746767763,5.90222226648507e-9,1.00764885849703,-0.0104656578718507
2,13,0.195362403162955,5.77453644901027e-8,0.100450312125362,-0.212916343895226
3,13,0.162019525808271,5.43888987181163e-8,0.873789669077691,-0.233442363748908
4,13,0.182352640707757,-4.6250854257579e-8,1.97481297407757,-0.259781437116856
1,14,0.238697398010775,-5.78713592602753e-8,0.390413917866822,0.780682102652161
2,14,0.222292183864108,9.98154443543342e-8,0.901347450530125,0.692486664099463
3,14,0.323544421219515,-1.36811579842799e-8,0.54017091167386,0.597638045318119
4,14,0.217669869298582,-2.64773221125836e-8,0.826553379819718,0.713130668565876
1,15,0.199505746520766,2.00040748410402e-8,1.00402043111343,-0.161597617380883
2,15,0.293702465005393,1.16132619076836e-8,1.81727320704064,0.0292639312311009
3,15,0.226440865367497,-2.86899148882469e-8,1.85489298688643,0.0608843247590927
4,15,0.193432951478793,9.57964951808776e-9,0.865754169834949,-0.0700839219236271
