rep,id,Cl,V1,Q,V2
1,11,15.4518349089733,29.7424635456393,20.904489165787,31.8316156179365
2,11,15.8583089382274,29.9480653101393,21.1321380791224,53.8433056066501
3,11,15.4657185263421,31.8855519570361,15.3023010904404,42.0947308761917
4,11,16.8072872223709,32.0576742275507,14.3118878417926,121.175052156378
5,11,15.4575934212257,28.1417924844819,21.9263534236849,37.933899642348
1,3,35.1786856281356,61.4607999308829,17.6625586727891,15.3799209344368
2,3,35.0095022051024,61.7350271641601,26.9519930536749,14.1346310562392
3,3,35.678150618791,65.8517971502684,8.45461467051735,27.8253845262756
4,3,34.1304314359637,65.0299677405972,36.6747276785967,15.5898868944466
5,3,36.7601445446985,64.755434043912,14.8053112148092,25.9389265769768
1,12,27.2871125600004,46.780963493671,10.0986945305847,26.0317716277411
2,12,27.7072746370383,47.633357511886,9.39187684543539,18.8832728040376
3,12,29.5121424212748,49.6029291610431,6.37067640592583,14.7654004650183
4,12,27.7169373629946,47.5515175542838,7.07827622087847,21.5390137837044
5,12,27.8571843681649,48.3156953561238,8.96289492455777,49.4080188352423
1,5,11.2181678343991,21.1996411006749,4.85030556652567,16.9069193427321
2,5,11.2997947438233,21.2132939539453,6.01584911553337,72.8762892678985
3,5,11.5976436138566,21.951203930743,5.76346401067,60.0680907323116
4,5,11.6076465419313,20.8056039526838,6.57487642005039,64.9051101350346
5,5,10.109172099664,23.1285911640868,6.89794711547495,301.327735039083
1,7,8.77070024290739,53.0212920921068,28.5929442322352,21.6493456505749
2,7,8.54663702042195,58.4849291569659,12.17185610341,25.5366024968285
3,7,8.48974272844834,51.0500612421516,50.5096705959488,29.831265659158
4,7,8.5220108997815,53.5924774677052,13.3446823353095,18.8818926032006
5,7,8.93567472275642,40.3248106156095,63.7594405794055,20.0389226468366
1,9,37.4420512186794,26.4233760035302,166.769319670867,40.7422994543665
2,9,33.2902396583707,15.6029736135995,125.121032822684,50.5046341462209
3,9,34.9018092697165,25.6926374546629,105.178078024397,44.2371110403581
4,9,36.0021957180742,21.6128023957434,110.143652665177,45.2844566921869
5,9,34.5562739471393,28.7162015712523,111.581853762516,46.5083201945355
1,10,20.0758039298876,16.6539656111603,125.471141599,20.2931520676144
2,10,19.2355091119964,33.5453261417895,6.16704812011527,9.00127380803046
3,10,19.0003097117892,25.094984657684,36.0208840871622,15.0170882939261
4,10,18.2472446227253,13.7630594170274,180.955309302591,22.6874272594848
5,10,18.8023525836362,33.4754165911695,13.7523667553257,5.51046660470781
1,8,9.5766181676553,24.5553418897751,24.764477242481,1.9956554538767
2,8,9.77107206049342,24.1011285943444,35.3357387279726,4.16573067596576
3,8,9.70013319242837,17.3780344927122,177.28064390626,9.90469920657992
4,8,9.42479683939763,25.229367571436,36.9767915476652,2.13817449505181
5,8,9.48140284456533,20.9602612392089,146.829604605713,5.89325829012476
1,4,12.8909824275002,20.0943122434982,39.7100456849495,10.0741026608921
2,4,12.8232542267626,22.2906687582136,22.3351762235301,9.66221130516118
3,4,11.9633875919407,23.043257400936,17.5322125268797,8.00438956651079
4,4,12.2648869239249,20.052156082037,32.9190690657377,12.1574796808272
5,4,12.2356409504875,22.721257979506,19.9790687902717,8.3154324168836
1,13,23.9885620891618,83.7814332719721,95.6855972979806,74.06552447747
2,13,23.0004388957548,42.4815950782451,186.711481902163,120.255592558847
3,13,23.2773289317523,51.2158683311882,207.997286915715,111.268298570114
4,13,23.1041474600681,53.8528009957296,203.842919489598,89.2594622080399
5,13,23.5243253045934,57.0906212602692,146.461038930407,87.7977514673942
1,2,17.7023903927678,21.2384214604275,14.4265183647665,9.40915085877386
2,2,17.9797289080416,21.5244043819269,15.7350875753952,5.35265346609257
3,2,16.4121457060184,23.7664667317949,7.07984655104975,14.9832391943522
4,2,16.8996202978345,25.2162937042739,7.39890217301103,9.7728042607412
5,2,15.7639611510114,14.168768713384,39.6463436115261,13.4580668399947
