rep,id,Cl,V1,Q,V2
1,1,17.5854240698625,21.7628955751864,34.228832298132,73.8510091992212
2,1,18.9455529426212,21.7628966251623,37.4725201826429,27.4962447814095
3,1,19.6449884392787,21.7628959061302,47.4465890431122,30.8888628696549
4,1,18.310590312347,21.7628965194105,34.475997858313,38.3952961188233
1,2,15.1974000966482,21.7628958590937,24.6441635796259,42.870019933148
2,2,14.1569906517654,21.7628957540628,29.2696342096402,39.9556307442428
3,2,16.3907492520162,21.7628963248187,26.1145059467862,35.4399622418221
4,2,15.6749055469837,21.7628957742703,24.8135700936624,23.8140799925559
1,3,11.0406716953815,21.762895922389,3.01295121211265,34.8537470840815
2,3,11.1446511016837,21.7628957644475,9.06982789605144,22.5674634185223
3,3,11.6404842726645,21.7628953620983,5.25187140638993,14.5473189782797
4,3,11.3482102445034,21.7628954413902,4.64701790977296,18.0911075830717
1,4,17.5244381898532,21.7628958443555,133.192888866709,12.7630977620614
2,4,16.5047707845019,21.7628953891518,39.9635833999921,12.2209981517561
3,4,17.9083935225169,21.7628960493644,74.1182645069408,12.2720213939103
4,4,17.7740170906491,21.7628957444092,86.831688941939,13.016517243475
1,5,16.6990601812691,21.7628957068177,10.853002785137,10.4580298551388
2,5,16.8379013369707,21.7628957414561,17.7288396472667,13.1497161302317
3,5,15.3207554426498,21.7628958214551,14.3730856042345,10.4861242556028
4,5,16.09232417546,21.7628955841766,11.9231459420573,12.3814078356505
1,6,19.2190446825203,21.7628956254963,1892.88473970776,13.1006782554305
2,6,17.238125371629,21.7628966057135,39.95738072994,14.0908295085348
3,6,20.3945627100019,21.7628960029936,50.7136747550392,12.8906977000924
4,6,18.5771984235871,21.7628960956683,23.7757130965033,13.9151867834034
1,7,10.9418807362679,21.7628954295123,53.3069330187735,7.04706285167088
2,7,10.2885202821166,21.7628960122324,40.3293999885733,8.32529295002248
3,7,10.3484804920268,21.7628962583558,100.434869511288,6.62160301945935
4,7,10.7616728602985,21.7628957590582,35.428000123496,11.5789662128603
1,8,11.7940085153616,21.7628954255613,7.22079457335961,39.1712606359284
2,8,11.505075333512,21.7628959041544,4.7068720053284,24.6804643153162
3,8,11.8684226361149,21.7628963282969,7.40390125869082,10.5856884323044
4,8,10.433917885734,21.7628962652648,5.19763884300684,28.5432963093373
1,9,9.441981544529,21.7628953918854,47.0244490896343,7.2395778877369
2,9,10.4932485007011,21.7628956247006,151.211231286835,6.22131128715473
3,9,10.0540912864863,21.7628966762586,21.6978208281198,7.04143424239954
4,9,9.8153803142661,21.7628957255979,21.2431965376584,7.23724761522678
1,10,13.6752303254252,21.7628960532082,51.2185970282848,8.70235882317642
2,10,12.358619217074,21.7628960626942,15.942966192428,9.83101412379739
3,10,11.3589077736052,21.7628964285726,21.5173701782429,12.2419173679457
4,10,12.0653879531825,21.7628963592624,20.7599567878821,7.58457157363093
1,11,15.7926856124159,21.7628963082866,10.0474393722225,12.8732827708641
2,11,17.0335162920272,21.7628958730181,25.1765958604321,7.58528355151289
3,11,17.2337915103196,21.7628958656715,12.124043595295,9.86878350097075
4,11,17.9433096259023,21.7628960636835,23.5686558223982,8.74335520884262
1,12,9.71962190461848,21.7628967124043,216.312319116835,5.10935004765431
2,12,9.73624491096924,21.7628950464755,82.3000317468205,4.81449739872411
3,12,9.2047655112157,21.7628956593142,17.7972985039799,2.32661407728087
4,12,9.40309452490685,21.7628961283849,23.7851670508604,3.97099621091923
1,13,9.70964336344888,21.7628963238807,0.542648358462026,9.80076657906138
2,13,10.5850501709489,21.7628963956495,0.660734294756163,43.1675730180518
3,13,10.3828659457722,21.7628956295197,0.0632859301622716,7.59990195024004
4,13,10.2627016277026,21.7628953575905,1.59879615768822,10.3629852563946
1,14,14.9432183775153,21.7628965330598,7.31670790112056,33.4502784641331
2,14,15.0512560699655,21.7628962109088,184.029075881741,4.72369557795169
3,14,14.5289101255343,21.762895659231,5.63938781372777,1.92436613634807
4,14,13.3256951078639,21.7628952818717,3.40339067682991,3.95835598178081
1,15,9.28661122014709,21.7628958722698,1.32659390250837,63.529059256944
2,15,10.3426913512595,21.7628966933342,1.03462466357665,9.31443640281861
3,15,10.107641915885,21.7628957615803,0.898198443781186,13.4335185397909
4,15,9.7145544280127,21.7628956768292,0.28709700543689,9.15827149365976
