rep,id,Cl,V1,Q,V2,eta_Cl,eta_V1,eta_Q,eta_V2
1,1,2.96367416896414,3.20876341772603,3.15274413913298,3.83658464175097,0.271668228477731,-0.126660784799868,8.11676932377381e-6,1.59858842595202
2,1,2.96441566541604,3.16078887747907,3.1527312709327,3.96672350215809,0.272409724929632,-0.174635325046824,-4.75143095979291e-6,1.72872728635914
3,1,3.00753036208657,3.33959422866287,3.15273973378093,4.13265793441312,0.315524421600161,0.00417002613697903,3.71141726995816e-6,1.89466171861417
4,1,2.98094949382161,3.1618016063251,3.15273103017373,3.61946054089412,0.288943553335202,-0.173622596200793,-4.9921899214489e-6,1.38146432509517
1,2,2.84557870185567,2.93596027316835,3.15274051958472,2.39577450244068,0.319357082384799,-0.399463929357545,4.49722106887762e-6,0.157778286641729
2,2,2.83275079396558,2.95924789859452,3.15273781853448,2.04168880250858,0.306529174494706,-0.376176303931377,1.79617082318728e-6,-0.196307413290366
3,2,2.84377179364531,2.955509151923,3.15274131770057,2.44201821589258,0.317550174174444,-0.379915050602894,5.29533691873141e-6,0.204022000093635
4,2,2.75172113727465,3.04837307550828,3.15272464591085,2.05911363803256,0.22549951780378,-0.287051127017616,-1.13764528020255e-5,-0.178882577766388
1,3,2.92229294319261,3.52174773289258,1.72505413179001,1.68969021183806,0.248049405776986,0.186323530366685,1.04560959457434e-5,-0.548306003960892
2,3,2.8754790944499,3.49983063544969,1.72504644904782,3.12259523128697,0.20123555703427,0.164406432923796,2.77335375375998e-6,0.884599015488024
3,3,2.93781708235639,3.55961056430883,1.72504826266006,4.07626289745113,0.263573544940761,0.224186361782937,4.58696599747732e-6,1.83826668165218
4,3,2.81445666638582,3.60859675785561,1.72504374833376,2.60686882212213,0.140213128970194,0.273172555329711,7.26396944816798e-8,0.368872606323186
1,4,2.41113953465113,3.32579392992631,3.15274289458434,1.00226221041854,-0.233253850218505,-0.00963027259958738,6.87222068407323e-6,-1.23573400538041
2,4,2.58737490467994,2.9771453880097,3.15273256983014,2.3284424567597,-0.0570184801896936,-0.35827881451619,-3.45253351952124e-6,0.0904462409607563
3,4,2.55791200759876,3.24081924822013,3.15272910904018,1.33416668254046,-0.086481377270879,-0.094604954305765,-6.91332347502183e-6,-0.903829533258485
4,4,2.51612955513623,3.32324689542486,3.15273506931875,0.310945436179012,-0.128263829733404,-0.0121773071010334,-9.53044907436862e-7,-1.92705077961994
1,5,2.46548099216307,3.02799125954499,1.72505463536313,3.13050277035565,-0.0996618000028779,-0.307432942980904,1.09596690636149e-5,0.892506554556707
2,5,2.41169903259968,2.98707297026336,1.72503956198507,3.09400694432003,-0.153443759566263,-0.348351232262539,-4.11370899899843e-6,0.856010728521083
3,5,2.47699091286342,3.11341319534077,1.72505056376309,2.84509070022976,-0.0881518793025284,-0.222011007185126,6.8880690229367e-6,0.607094484430812
4,5,2.45827861290895,3.06169553575285,1.72505829396509,3.07776507849782,-0.106864179256994,-0.273728666773041,1.46182710281106e-5,0.839768862698874
1,6,2.62847901179678,3.25219037357796,3.15275843258748,2.35049993394025,-0.0812361776720905,-0.0832338289479324,2.24102238233215e-5,0.1125037181413
2,6,2.70157803909387,3.32153914845527,3.15274612017555,2.46326097324675,-0.00813715037500229,-0.0138850540706259,1.00978118968698e-5,0.2252647574478
3,6,2.64582305608,3.37834994046352,3.15274240725259,2.05021419623691,-0.0638921333888716,0.04292573793763,6.38488893667244e-6,-0.187782019562039
4,6,2.70045546085475,3.49945875083171,3.15273689238426,1.26077049268601,-0.00925972861412649,0.164034548305814,8.70020607113275e-7,-0.97722572311294
1,7,2.130896887434,4.07548272808798,3.15274407879841,3.14817581487066,-0.0510565793245132,0.740058525562085,8.05643475176865e-6,0.910179599071714
2,7,2.14212328422275,4.04093278772433,3.15273719048132,1.38194998649469,-0.0398301825357632,0.705508585198435,1.16811766215363e-6,-0.856046229304254
3,7,2.12959278627948,3.92218811718994,3.1527392000043,3.44864827186453,-0.0523606804790386,0.586763914664043,3.17764064750037e-6,1.21065205606559
4,7,2.2359011813118,3.735214567429,3.15273174900369,2.40834557686314,0.053947714553277,0.399790364903104,-4.27335996810996e-6,0.170349361064188
1,8,2.23904697947984,3.08906416638671,3.15274304748405,1.48012271761698,-0.196395337567857,-0.246360036139188,7.02512039785219e-6,-0.757873498181964
2,8,2.31100594987606,3.08049317149611,3.1527257567255,1.57328611158945,-0.12443636717164,-0.254931031029781,-1.02656381555377e-5,-0.664710104209499
3,8,2.26265280165716,3.29654587971679,3.15273812878399,0.88779049175127,-0.172789515390543,-0.038878322809103,2.10642033149355e-6,-1.35020572404768
4,8,2.31054467786478,3.09944627828924,3.15273712649409,1.51078691641011,-0.124897639182922,-0.235977924236658,1.10413043197255e-6,-0.727209299388834
1,9,2.94738301191722,3.54300219401298,1.72505603237446,1.79548855906697,0.270302147703807,0.207577991487084,1.23566803975628e-5,-0.442507656731973
2,9,3.01832594113276,3.5079857123411,1.72503869124067,2.37824892183366,0.34124507691935,0.17256150981521,-4.98445339824904e-6,0.140252706034716
3,9,2.90898313211844,3.55951461311565,1.72503192143104,1.46957799726604,0.23190226790503,0.22409041058976,-1.17542630262424e-5,-0.76841821853291
4,9,2.90279765961687,3.44668527796097,1.72504161543122,1.17201547342605,0.225716795403459,0.111261075435079,-2.06026284721439e-6,-1.06598074237289
1,10,2.94949487695727,3.52991909133335,1.72502852624702,2.6422702081708,0.306824962282221,0.194494888807458,-1.51494470455038e-5,0.404273992371848
2,10,2.9884820058053,3.58344884203957,1.72503972666899,0.993466902403942,0.34581209113026,0.248024639513672,-3.94902507228068e-6,-1.24452931339501
3,10,2.97779912752812,3.63514044563757,1.72506013140563,3.9596114230098,0.335129212853076,0.299716243111675,1.64557115653885e-5,1.72161520721085
4,10,2.95916978666644,3.45319353127432,1.72504713907237,1.60045340360086,0.316499871991395,0.117769328748429,3.46337830858801e-6,-0.637542812198091
1,11,2.72330450432431,3.28323570564397,3.15274079667061,3.72112749230055,0.0668877843258064,-0.052188496881922,4.77430695466907e-6,1.4831312765016
2,11,2.70393182208957,3.23144072862371,3.15273604969656,3.02893882227994,0.047515102091066,-0.103983473902189,2.7332900831567e-8,0.790942606480989
3,11,2.7603920453869,3.2937463803328,3.15274706880672,3.43141046752482,0.103975325388391,-0.0416778221930945,1.10464430642665e-5,1.19341425172587
4,11,2.68285555141366,3.29282077258146,3.15272286415151,3.50573674558399,0.0264388314151502,-0.0426034299444389,-1.31582121443152e-5,1.26774052978504
1,12,2.70039887433922,3.0839762367933,1.72504711571059,2.21654757652824,0.0577289596641721,-0.251447965732593,3.44001652985426e-6,-0.0214486392707118
2,12,2.59237063942932,2.97596904134122,1.72504151725597,3.56108616318259,-0.0502992752457296,-0.359455161184677,-2.15843809447946e-6,1.32308994738364
3,12,2.59759656410898,3.15007541566463,1.72504705972302,2.7835043908992,-0.0450733505660632,-0.185348786861266,3.38402895838641e-6,0.545508175100249
4,12,2.70578192563821,3.11378980317178,1.72504931181419,2.5422398602016,0.0631120109631671,-0.221634399354113,5.63612012571824e-6,0.304243644402651
1,13,2.5099282454857,3.95895993539839,3.15274278577822,3.92175044775435,-0.287613931426551,0.623535732872498,6.76341456884444e-6,1.6837542319554
2,13,2.47668704349099,3.90297585601769,3.15273642442477,3.56282426691447,-0.320855133421262,0.5675516534918,4.02061111071106e-7,1.32482805111552
3,13,2.47935930593252,4.1214287058486,3.15273985370679,4.71499690715259,-0.318182870979732,0.786004503322705,3.83134313697298e-6,2.47700069135364
4,13,2.51287979393584,3.95383012295859,3.1527373931942,2.66965880368456,-0.284662382976416,0.618405920432696,1.37083054330134e-6,0.431662587885617
1,14,2.33917676781106,3.27619824916855,1.72504682088331,0.683675875411688,-0.335066769604567,-0.0592259533573425,3.14518924549034e-6,-1.55432034038726
2,14,2.37121284056397,3.44260931529587,1.72504126432429,-0.371663566717566,-0.303030696851657,0.107185112769975,-2.41136977408019e-6,-2.60965978251651
3,14,2.3334253936232,3.33217994146535,1.72503878411004,1.48480118692117,-0.340818143792422,-0.00324426106054121,-4.89158402583456e-6,-0.753195028877777
4,14,2.30554703223198,3.41624359024835,1.72503501249665,0.771004828510731,-0.368696505183643,0.0808193877224563,-8.66319741477106e-6,-1.46699138728822
1,15,2.31326144060003,2.90193737921846,1.72503860140874,1.20169028964405,-0.290917512442991,-0.433486823307438,-5.07428532303678e-6,-1.03630592615489
2,15,2.35308067616539,3.01507635222384,1.72504943511597,0.91872192901203,-0.251098276877631,-0.320347850302051,5.75942190206291e-6,-1.31927428678692
3,15,2.303321573194,2.9473206412232,1.72504065548058,1.05608215640322,-0.300857379849022,-0.388103561302692,-3.0202134866375e-6,-1.18191405939573
4,15,2.34715476036296,2.91772069036404,1.72505174287116,0.969217533313855,-0.257024192680066,-0.417703512161857,8.06717709300742e-6,-1.26877868248509
