rep,id,Cl,V1,Q,V2,eta_Cl,eta_V1,eta_Q,eta_V2
1,1,3.64408045007423,4.21265876922979,3.41292501409246,2.57100891327168,0.762813772725464,0.746283384335167,0.367870647178535,-0.817560375471639
2,1,3.61440400750629,4.20816041727365,4.01473938228194,2.32751879481517,0.733137330157516,0.741785032379024,0.969685015368011,-1.06105049392815
3,1,3.65393778390157,4.31340877723904,1.15085133535689,2.33910801623156,0.7726711065528,0.847033392344418,-1.89420303155703,-1.04946127251176
4,1,3.66223691614342,4.2120836181041,3.01675189822985,2.63238513974844,0.780970238794651,0.745708233209477,-0.0283024686840778,-0.756184148994883
5,1,3.664133982674,4.00110294465381,4.78648803379886,3.17552765718065,0.782867305325232,0.534727559759186,1.74143366688493,-0.213041631562667
1,2,3.14841514878662,3.66324225870618,5.17074075252275,4.72432791043097,0.267148471437852,0.196866873811553,2.12568638560882,1.33575862168764
2,2,3.15323134612406,3.65231608727906,5.28381592514591,4.6196906585292,0.271964668775288,0.185940702384441,2.23876155823198,1.23112136978588
3,2,3.16491975907619,4.39647446631668,4.57582653441067,4.15709729642774,0.283653081727423,0.930099081422062,1.53077216749674,0.768528007684417
4,2,3.16130563740295,4.35788242979746,4.81455417482228,4.36272047196911,0.280038960054181,0.891507044902835,1.76949980790835,0.974151183225787
5,2,3.12072611052985,4.18329611599827,5.01955066698975,4.59431299610108,0.239459433181076,0.71692073110365,1.97449630007583,1.20574370735776
1,3,3.55706339146661,3.46780084190641,5.23568646103442,4.06282145895707,0.675796714117842,0.00142545701178465,2.19063209412049,0.674252170213745
2,3,3.54357329101967,3.0688164441089,5.21812173153996,4.15417584160733,0.662306613670901,-0.39755894078572,2.17306736462603,0.765606552864011
3,3,3.53645584644661,2.7508345403009,5.23758719809442,4.14964634711415,0.655189169097842,-0.715540844593719,2.19253283118049,0.761077058370824
4,3,3.54000049093368,2.94479867551498,5.27303649594378,4.17232630962652,0.658733813584905,-0.521576709379639,2.22798212902985,0.783757020883201
5,3,3.56458491398846,3.43437962721299,5.23527931983156,4.03855082757925,0.683318236639685,-0.0319957576816305,2.19022495291763,0.649981538835927
1,4,2.80055329909245,2.92346873589423,2.98639416990996,2.27488564901017,-0.0807133782563167,-0.542906649000391,-0.0586601970039706,-1.11368363973315
2,4,2.84717568565326,2.98725953460473,2.79961828533492,2.24951658684997,-0.0340909916955141,-0.479115850289889,-0.245436081579013,-1.13905270189335
3,4,2.84847867642599,3.06216208885233,2.21977848823281,2.37468358668927,-0.0327880009227854,-0.404213296042296,-0.82527587868112,-1.01388570205405
4,4,2.84983276071901,2.97645500658686,3.00568131569043,1.96578114526088,-0.031433916629763,-0.489920378307761,-0.0393730512234947,-1.42278814348244
5,4,2.88500123714115,2.9744652937718,2.76851641589103,2.16544159067057,0.00373455979238191,-0.491910091122821,-0.276537951022901,-1.22312769807275
1,5,2.82450179243639,4.62510267918239,3.94172104368311,3.56553139372572,-0.0567648849123832,1.15872729428777,0.89666667676918,0.176962104982401
2,5,2.83580055073035,4.6518466286195,3.64313340501983,3.56440282135212,-0.0454661266184164,1.18547124372488,0.598079038105904,0.175833532608798
3,5,2.86920053973552,4.5358354716069,4.49286166929639,3.64406495947502,-0.0120661376132487,1.06946008671228,1.44780730238246,0.255495670731696
4,5,2.84618394002402,4.64604465141048,3.8235532412774,3.98037008205284,-0.0350827373247524,1.17966926651586,0.778498874363472,0.591800793309521
5,5,2.84610143801193,4.70407444960525,3.48420607034135,3.43007178762538,-0.0351652393368385,1.23769906471062,0.439151703427417,0.0415024988820538
1,6,2.67305577339332,3.18055622527301,0.632795318340544,3.42798060199131,-0.208210903955448,-0.285819159621608,-2.41225904857338,0.0394113132479847
2,6,2.66847911847091,3.18177737640207,0.459974180413003,2.91702454131044,-0.212787558877856,-0.284598008492549,-2.58508018650092,-0.471544747432879
3,6,2.68578945879952,3.15620727613763,0.948929799713688,2.53205527334029,-0.195477218549249,-0.310168108756994,-2.09612456720024,-0.856514015403027
4,6,2.69847703699056,3.18947769097504,0.0785570460146714,4.43953867513399,-0.182789640358206,-0.276897693919587,-2.96649732089926,1.05096938639067
5,6,2.70018909823113,3.21145571814411,0.499376371573226,3.87504202067932,-0.181077579117638,-0.25491966675051,-2.5456779953407,0.486472731936
1,7,2.42820040990796,2.77481685267041,2.64225553054515,2.47022873979571,-0.453066267440813,-0.69155853222421,-0.402798836368778,-0.918340548947608
2,7,2.44514832892372,2.96921173187139,1.99911036823103,2.97476456225492,-0.436118348425055,-0.497163653023228,-1.0459439986829,-0.413804726488405
3,7,2.41142661782819,3.04947644099817,2.14847582689782,4.60023374736574,-0.469840059520585,-0.416898943896456,-0.896578540016113,1.21166445862242
4,7,2.434394183496,3.03674259380255,1.79454061133062,4.4315214448479,-0.446872493852775,-0.429632791092069,-1.25051375558331,1.04295215610458
5,7,2.39630052285188,3.06030674555417,1.84656149141248,3.20299225619013,-0.484966154496892,-0.406068639340452,-1.19849287550144,-0.185577032553186
1,8,2.73888406571395,3.40582588288685,3.05912989912249,3.44770565499171,-0.142382611634821,-0.0605495020077726,0.0140755322085648,0.059136366248385
2,8,2.73785771993601,3.46553320706356,2.96533241967802,4.67325389676514,-0.143408957412764,-0.000842177831057889,-0.0797219472359063,1.28468460802182
3,8,2.74684909792889,3.38738798069621,3.06411253235224,3.51583090540985,-0.134417579419883,-0.0789874041984153,0.0190581654383148,0.127261616666528
4,8,2.73781423251501,3.36755138497559,3.06533604687587,4.22025719359704,-0.143452444833756,-0.0988239999190363,0.0202816799619407,0.831687904853721
5,8,2.80112498446077,3.27432542414277,3.14051767003088,4.02603859397832,-0.0801416928880028,-0.192049960751854,0.0954633031169525,0.637469305234998
1,9,2.28036372314078,2.77251565417153,2.38347760250621,1.69209430210157,-0.600902954207992,-0.693859730723088,-0.661576764407717,-1.69647498664175
2,9,2.289271421485,2.65380824701836,2.8992007238268,1.86375737302705,-0.591995255863773,-0.812567137876259,-0.145853643087125,-1.52481191571627
3,9,2.27742667263354,2.36601124445553,3.48142733960991,2.17476366648344,-0.603840004715235,-1.10036414043909,0.436372972695982,-1.21380562225988
4,9,2.25074387858123,2.54715666567488,3.31019554691945,1.9998960347953,-0.630522798767543,-0.919218719219746,0.265141180005525,-1.38867325394802
5,9,2.29897595621213,2.6753746727679,2.80970102417598,1.74910694205901,-0.582290721136644,-0.791000712126721,-0.23535334273795,-1.63946234668431
1,10,2.65083344317694,3.48845643809387,0.855850584498673,4.71777328301135,-0.230433234171835,0.0220810531992486,-2.18920378241526,1.32920399426803
2,10,2.62471802046196,3.48307994998068,2.01216653800829,3.70806032378963,-0.256548656886809,0.0167045650860538,-1.03288782890564,0.319491035046313
3,10,2.61165976635785,3.46489852902848,1.73036592347957,5.35668220904765,-0.269606910990917,-0.00147685586614577,-1.31468844343435,1.96811292030433
4,10,2.6636122955755,3.51291775449018,1.18120360969754,2.76906534237633,-0.217654381773268,0.0465423695955622,-1.86385075721639,-0.61950394636699
5,10,2.62329076927104,3.556019110427,1.30002913825939,4.05282207124826,-0.25797590807773,0.0896437255323743,-1.74502522865454,0.664252782504938
