rep,id,Cl,V1,Q,V2
1,4,35.0986560149568,25.0632976188901,184.013967783632,62.2154274246027
2,4,33.9090486797876,18.4739102114534,186.84235936944,65.1296241453346
3,4,36.9762163167836,52.2053847626527,126.863812272773,38.1418315495893
4,4,34.4949963570894,18.1846179401349,199.976682916637,64.2463935493126
5,4,31.0375423154538,5.95892933802515,110.398119718523,60.0437808350744
6,4,36.6466621427004,35.8908136423429,191.932591720211,49.8305512433955
7,4,32.2152885696941,7.50642307132582,125.33183497441,61.800788870405
8,4,31.413691648701,6.6877474371333,118.319271683507,60.5557229582136
1,11,16.5664455083046,30.5785104510085,15.1835067483695,42.8940400714564
2,11,15.306380893913,27.1340148641345,21.9070574706753,36.9814775367652
3,11,15.2702758246343,32.5590370862231,16.6684239181595,61.4258782476818
4,11,15.6719725089572,31.3288593731938,16.8390649739175,72.3651983777372
5,11,15.4499787374458,26.921789336842,25.3514884923705,28.2850662745707
6,11,15.6178351357585,26.3895875285859,25.4471143376133,57.7532098822928
7,11,16.2866534798957,32.1119635884524,13.6001103653431,109.15645643155
8,11,15.7595247842001,32.2628145914435,16.1551068816587,67.9457637610979
1,3,71.2217044034745,131.391967898134,21.0029251124295,22.0642223444229
2,3,71.2842628475791,130.936360767194,25.9067092637575,24.1416070768468
3,3,72.0821348317501,124.860602847645,34.2020351510641,29.3414968586568
4,3,71.5509975702374,124.826812887212,34.3453567758943,19.2504627544473
5,3,72.7828319439211,117.282339856233,89.1423897582219,25.4113169776139
6,3,71.1407674362396,123.461534441028,32.7330847939991,27.0414163008796
7,3,71.0036245835531,129.428280092817,27.6047137167241,43.0944050895396
8,3,72.2159287720798,124.240430693161,37.8726841407512,22.3635741012732
1,6,43.8629024078385,98.2747956379963,10.954323097805,79.0108920214151
2,6,41.8502443217073,96.6719802499192,14.4847244961154,53.9699286287845
3,6,42.9012035056196,100.515628783107,13.264750067506,97.8366642381692
4,6,44.2573157486159,97.5978136035704,12.7134378239961,38.0891246560812
5,6,43.6684530010152,98.5267533617037,9.12487491714017,109.443441180244
6,6,43.6584271497495,100.317060295525,13.4987111445308,42.052209236774
7,6,37.5242156785243,100.60908248165,19.9087745853792,921.137111890597
8,6,43.6939667574639,100.113856075035,9.41742727136217,110.063421397669
1,1,19.0345892872456,20.4549043754301,33.3893705457358,50.1347637153798
2,1,19.8997790082822,17.2711908629656,35.8787474140568,33.0992090107199
3,1,18.6821175422855,22.9298598600535,28.457245953285,52.487122296797
4,1,18.4078213551655,18.3034551132596,42.5007883184265,34.91968380972
5,1,18.2679952572212,20.5536657560827,36.8268414868818,48.7313667898837
6,1,18.0096473225004,18.1792384670504,37.6538513058569,47.1180964483463
7,1,19.0642146589875,20.0732299464914,33.7066540380926,38.7767307488606
8,1,19.3174129234679,21.0121104290888,35.3854333839589,33.0089379741614
1,8,19.4760518558049,40.2693035399734,141.366905786766,12.9552164189154
2,8,18.8977870166548,50.1100970939523,38.81069242666,4.44266698261447
3,8,19.7361176097829,51.2503861565197,61.4399154862679,3.03515780034744
4,8,18.7507807817789,42.9333601015471,195.075489464316,12.3628229494122
5,8,18.892005278077,49.9768185958268,27.0194653274881,3.9832586415744
6,8,18.6419329045781,32.3321331732357,169.106983738818,21.9507898844109
7,8,18.7885713198599,48.9460651837707,46.1284201697041,5.66266188192925
8,8,19.516366045164,49.523905854718,78.5112716677792,3.50620847909778
1,15,9.82029193634427,14.0231956284687,19.7584965248442,5.50000485900347
2,15,10.1709031813117,16.7816593100842,6.84448944354771,3.44586367303951
3,15,9.94787790476482,12.7364840815185,28.7453982189318,6.57894603053531
4,15,10.0299223198885,5.78655830855017,52.8540520698188,11.2978915421463
5,15,9.72446012812845,14.7427557016562,14.382409369768,5.08773618573587
6,15,9.91009497115961,14.9283588835998,16.3774682823848,4.92348888794505
7,15,9.7390349691565,10.4626043727322,34.4353319610933,8.30216975045294
8,15,9.97520063915339,15.5347936773062,12.5491276052681,5.31237897590172
