rep,id,Cl,V1,Q,V2
1,12,14.1855068291049,24.5616023038275,3.99577697976969,24.1913595455171
2,12,13.8617496165037,24.1054897072222,3.70506273176475,16.987661624667
3,12,14.5510161910181,23.5654794579477,2.57167941155289,71.9924645772521
4,12,14.4327287643252,23.4399998166858,3.19999817623831,53.6098234617971
5,12,14.2803777000277,24.208188998918,1.73070104902089,39.7716880485083
6,12,13.6207502604231,24.307095186439,4.07134286871166,27.0482028538754
1,6,43.0745991159918,98.1386718089151,14.0251906495722,33.2648826161269
2,6,43.1420365093516,104.230992694152,10.3471124042879,147.593721287744
3,6,43.3410099066832,100.074963206496,7.63355134719789,91.298946881889
4,6,44.0285445407249,99.8200938170004,9.76639940118433,68.3880979529943
5,6,43.153082050676,101.213296345202,12.6088509608642,70.7836350548861
6,6,42.5492798474422,99.9949910071082,11.4191947563989,55.5699571914501
1,11,15.7377341706791,33.2149024285714,14.2284177116778,59.68068588465
2,11,15.6961257871878,29.4921815266952,21.9032929900661,57.2288601504482
3,11,16.6425120910904,29.9518217719165,20.8224299921596,35.9316400848215
4,11,15.7440122656292,27.2130893294805,21.1753096715958,31.7539995058033
5,11,15.942053642924,26.7534950387927,20.5913846618444,27.1136517311008
6,11,14.8053836071228,27.4681796899444,21.1679995138898,29.7201264433208
1,4,12.4494125995595,17.5204021983152,51.1280065320818,14.2653601334992
2,4,11.9429831164541,17.9474406277762,37.8781951430611,13.7663941659474
3,4,11.8964463429393,12.4770907011094,59.6085138116198,16.8107933576657
4,4,11.3828236966609,14.6936145094114,50.7568304840648,18.0260392350819
5,4,12.1220609710141,8.57063129723267,65.657472367641,19.6418777319216
6,4,11.9306606290402,13.5900111170422,61.1148679739506,15.955232695361
1,7,17.1796298021122,95.8086047454927,68.103150195841,37.6195359479547
2,7,17.4068483016101,107.182234505408,36.6389149570249,27.8590939976344
3,7,17.180239883434,96.5017190848533,60.7867919595797,32.1320392206723
4,7,17.4908240473725,101.751409296818,29.5769116045195,15.7662952668367
5,7,16.8746868634458,103.345382980056,55.1525337231468,66.6857733155166
6,7,16.9991192286823,110.944611124528,21.0117064236836,22.1465167327378
1,9,51.4421894304878,40.2819600345422,165.20833726519,66.7044536081776
2,9,37.2221847285788,3.48923920609674,57.7903257500908,49.3377041452343
3,9,51.0467221662914,16.220202738743,159.713178833226,71.7219349210864
4,9,45.4776115060057,9.36186571243508,116.603516943223,68.3836772410539
5,9,42.5401948026119,5.9630596311238,87.9708880336644,59.391568947575
6,9,27.6279226637897,1.44863035735199,22.1536154631607,26.7068480106598
1,10,19.3228687113162,12.8263074996418,137.1946050186,20.2352039743387
2,10,20.0871016285317,29.6233027914526,21.4195191450383,11.1012076853422
3,10,19.6491037395134,39.5446810127957,3.04360612855062,60.9693320767058
4,10,19.0287949750239,37.6546065351292,5.01532869619928,34.0632803399182
5,10,19.2578022234034,24.5037220121987,69.6138594369482,13.3620398205934
6,10,18.6742288546735,39.9569318649573,4.25420697695736,33.0527477496835
1,3,33.8452991038878,63.2722054602744,18.8937412957996,12.7938947390748
2,3,34.4789934759833,63.7261425408319,13.5652184662617,17.1552918910857
3,3,36.1935549270318,66.192897560863,11.643806547627,8.93769727938921
4,3,36.0854703836219,65.0092893395608,14.6719080969711,20.2086607507982
5,3,33.9955729641527,49.743187159149,96.5820290979572,21.7464028774481
6,3,34.8369147082669,63.140552079132,18.0809849338709,33.7902141505633
1,5,11.5588648276285,20.643938706573,6.56214905746018,43.8380138379227
2,5,11.3651213538296,19.0307461642951,8.35606749427386,25.3324976181753
3,5,11.9609810524802,20.1043600915414,5.23098476543152,23.153983181154
4,5,11.317223098005,20.8900415507623,5.58245092554598,31.8935882380559
5,5,10.9116533666575,20.139918475412,7.90764059514725,36.1096657396775
6,5,11.1667243100488,17.8997706976651,9.30567969327501,14.5677665700297
