rep,id,eta_Cl,eta_V1,eta_Q,eta_V2
1,2,0.565441581468009,0.38047281672009,0.794237743647085,0.150767691559622
2,2,0.552304562215803,0.373931468937908,1.04474330459457,0.026658037048283
3,2,0.553261045511906,0.326190728735614,1.25148487851697,0.230405215011506
4,2,0.574795362714162,0.534883042038049,0.0342945046527126,-0.0588236247823519
5,2,0.594904024363455,0.671558194152698,-0.371464995862838,-0.131746835840126
6,2,0.532678988044961,0.524836295100683,0.398913869922101,-0.0953623227051752
7,2,0.391518685079118,-1.50656760746734,1.09268462706857,0.570023450826608
1,14,0.467560172780191,0.484625006720749,2.39058512516075,0.90719830346828
2,14,0.482628088085988,0.954685386319646,1.89640549988599,0.325303613890578
3,14,0.447191606964072,0.603564963076777,2.89440590635547,0.832342251285521
4,14,0.484358596121684,0.603754140899977,2.54147816025093,0.880256889511561
5,14,0.495360725381015,0.84981571041366,2.71590420218322,0.551559596877132
6,14,0.477904192637818,1.20903901735951,2.23177730986489,-0.690236192848386
7,14,0.46747997839754,0.601256490600182,2.92628729796123,0.815385535824966
1,6,-0.294740132789209,0.335018377152865,-1.61300136551884,0.640032128489928
2,6,-0.250524975746,0.310188794875731,-1.61672321379355,1.41994922067089
3,6,-0.305828371462399,0.242683913589063,-1.72685434640468,0.249262318981858
4,6,-0.314599744427861,0.172587906891903,-1.10533391526805,-0.441145087734882
5,6,-0.376821160170843,0.356333956664121,-1.74064035739783,2.06369917185867
6,6,-0.299443502232685,0.302092347492049,-1.54532800699793,0.0205272951434288
7,6,-0.505188799155965,0.384077845175759,-1.56528432877445,3.1882370244069
1,4,1.03443154728134,-0.431944346685331,2.36592957784453,1.720013604977
2,4,1.02503733493759,-0.777546380363959,2.11410120279619,1.69514490105154
3,4,0.788944768910831,-1.9226048248754,1.12537593238424,1.23770375327255
4,4,0.486204164467812,-2.80723798145023,0.123430385403506,0.637821950754715
5,4,1.14760920032709,0.855339495581424,2.44592574854718,1.53532913516289
6,4,1.12143513888264,0.0756324113178124,2.68828495459733,1.71715767757803
7,4,1.08388290500482,-0.00909788403061551,2.45215811884074,1.71042170521208
1,15,-0.69328987247855,-0.421006946527031,-0.529955510462541,-1.69224238018482
2,15,-0.609360741358432,-1.19797041679427,3.08826914388083,-0.357281367915857
3,15,-0.649193522671045,-0.802994578966198,0.897162985589015,-0.840248153575962
4,15,-0.656980345164881,-0.374778351189719,-1.17709655194583,-1.78412191081829
5,15,-0.678590245461433,-0.796209925770368,0.654877682134787,-0.921574088167593
6,15,-0.61158665183123,-0.680704556392734,0.359129547706433,-0.948450168343099
7,15,-0.689787947197229,-0.938128838250369,1.40147662854846,-0.797350947253087
1,11,-0.165651177312451,0.221029206553954,-0.0297910263338403,0.674349898065791
2,11,-0.225700507005608,0.245803075969666,-0.315347484676007,1.62136163253137
3,11,-0.26380054034107,0.152209062113177,0.0874688942346982,1.39801954146654
4,11,-0.206111507844842,0.13837590260159,-0.0976219194565338,0.925527232666772
5,11,-0.187160724306282,0.201463490330903,-0.198603420991149,1.08542389249269
6,11,-0.196821362573229,0.106995588403821,-0.139314328347509,0.463956889305257
7,11,-0.198240405375181,0.253757688619348,-0.279224447924821,1.04346333376435
1,3,-0.138490438900676,0.104909283961197,0.532965105481268,-0.538577411851242
2,3,-0.114819025063883,0.359359131668257,-1.87835309013696,2.15394923052776
3,3,-0.0913236943774733,0.288604906858972,-1.76797632476637,-0.694315679433118
4,3,-0.00385341093609126,0.379761237816191,-2.06843273109814,1.34206310937895
5,3,-0.117453829391736,0.177004901231105,0.529546644568896,-0.739103828500741
6,3,-0.0320058815580175,0.336633525657827,-1.70117824382477,0.506770597811503
7,3,-0.0904368833913738,0.374410849014832,-2.34793950138111,1.12845457702458
1,8,-0.639932483533687,-0.285042481305305,1.02257238947496,-0.869014312047723
2,8,-0.818148816144795,-0.00801789323761559,-2.52368802455554,2.05253165168175
3,8,-0.707861332482346,-0.324529529389098,1.74501615095239,-0.714408509198965
4,8,-0.72300704348731,-0.221459161632982,0.681238733754535,-0.784750390841913
5,8,-0.687631788384216,0.00994160046826398,3.65797904339661,-1.45902233169582
6,8,-0.727074014734318,-0.321519428202359,1.28043313553118,-1.03184511428621
7,8,-0.74533968061383,-0.0555812943865872,1.41405413084841,-2.11845832725033
