rep,id,eta_Cl,eta_V1,eta_Q,eta_V2
1,2,0.513833403708503,0.409704609271905,0.211878804488937,-0.314085493572586
2,2,0.531442994261532,-0.16356438932347,1.52777677106268,-0.04876838896406
3,2,0.52884866388904,0.339567341539734,0.47106630423451,-0.318187977990127
4,2,0.577341514301528,0.423776773938524,-0.00625590009290988,-0.457949703371982
5,2,0.543862309874489,-0.425372431790697,1.60071825989149,0.0376038848329099
6,2,0.593156450893291,0.322647889930828,0.417445093634055,-0.30100084260101
1,9,1.06426497776342,0.771112869091245,1.89923077840772,0.515085140251216
2,9,1.040510025318,0.447536907319219,2.11921427052371,0.691434349279769
3,9,0.918797732689355,-0.726985738084488,1.66635955145991,0.870676587726543
4,9,0.980042829515024,-0.122732646675823,1.97093329211214,0.928502312826563
5,9,1.0403921127923,0.697477513068162,1.94977146476962,0.496724108328951
6,9,1.04567834716754,0.254886951635342,2.01941757262183,0.786346993501045
1,7,-0.822073942425337,0.68314899750587,0.150555595073791,0.128131677632061
2,7,-0.79834060595216,0.581618785247399,0.142772214391115,-0.126940556319675
3,7,-0.84999246861867,0.761913306880144,-1.43594998631207,0.858594621123762
4,7,-0.73775997345078,0.546145027868277,-0.0979177368311976,-0.532832596447818
5,7,-0.789733734734869,0.257430008836943,2.1922566009119,-0.256802865834584
6,7,-0.789464324136697,0.702462335087493,-0.657632814332369,-0.00235374747363393
1,14,0.460330176561611,0.435924174596813,2.40835797337894,0.324023398083456
2,14,0.457074016339373,-0.104776918166128,2.52480768795618,0.717652788176145
3,14,0.446092428309572,0.311649388337897,2.67902803651802,0.429918811451291
4,14,0.482798801411499,0.305494160733528,2.43629533451192,0.472513811475089
5,14,0.459801542072701,-0.937286346402392,3.42332227487168,0.938481345217943
6,14,0.50130905031153,0.164959799653317,5.08408504389389,0.632129855141518
1,4,-0.389205977454231,-0.517870084489953,0.827658498550555,-0.711730424442972
2,4,-0.503404385782976,-0.59611994219102,1.0237895392278,-0.746252809385457
3,4,-0.367896590475668,-0.0596294403744388,-2.32623363727958,-1.28061447259593
4,4,-0.445421807971291,-0.706855073673024,0.740179574552159,-0.58543883808739
5,4,-0.362794794843562,-0.268599990445263,3.23800578427481,-1.29441084740256
6,4,-0.453606109413275,-0.188450408659587,-0.560782926799621,-1.58943659947492
1,5,-0.499975651656246,-0.215406686814731,-1.9249075328932,0.380568559165759
2,5,-0.529415359942254,-0.352441999435666,-1.34227953380228,0.308541274090135
3,5,-0.480973847483452,-0.310849133735538,-1.5065301842725,0.148685662494178
4,5,-0.552704719294689,-0.292303486494363,-1.22271399872067,-0.0978200934007023
5,5,-0.519921778854758,-0.300027350988616,-1.54560743713998,0.199454070923305
6,5,-0.506844619567469,-0.315593011213751,-1.0553179344811,1.071717980056
1,10,0.745576237937341,0.443400945471862,2.02690083720798,-0.11608262584498
2,10,0.688337841440029,0.910324478180498,-0.325370428779537,-0.0829246055028769
3,10,0.695688703177955,0.546539923921889,1.22011671960528,-0.0489295549717061
4,10,0.676872958678238,-0.234470311027347,2.35943125029457,0.480271471366952
5,10,0.725054254607265,0.311396213730698,3.73060431293573,0.240432684718814
6,10,0.703004876404441,0.676172300725735,1.19032206409312,-0.382713476042778
1,8,-0.714143364355896,-0.00316352164669009,-4.00433736867316,-0.0715173573049155
2,8,-0.673326274240972,-0.0719129411762784,-7.98445650724153,0.466692388971164
3,8,-0.680034123065747,-0.322440197219096,1.69692154706962,-1.61960847111404
4,8,-0.718021780945397,-0.0691318026483945,-4.72450125756701,0.285723366812113
5,8,-0.740168164860695,-1.15556445340668,3.86623046028366,-0.615148893569909
6,8,-0.704670382122978,-0.34219776729197,1.66259252570304,-1.43171856572982
1,11,-0.154111584042523,0.143146544885858,-0.67645625859446,0.213062950641912
2,11,-0.219319886094546,0.0951107623253606,-0.272041514757475,0.182280258663569
3,11,-0.146155051332872,-0.137838879645642,0.00911356822757714,0.913788868199662
4,11,-0.243667594279674,-0.0632092585713764,0.208498821556418,0.211635297374198
5,11,-0.134548061535224,0.086544249031892,-0.620468044497009,0.150743863625345
6,11,-0.216857719064983,0.171953717949648,-0.380120347117993,0.337632719253798
