rep,id,eta_Cl,eta_V1,eta_Q,eta_V2
1,2,0.418881661545872,0.124865366925617,-0.155351678649972,-0.337835093746653
2,2,0.417284769764207,0.132711335235276,0.00101859949983396,-0.466316447931182
3,2,0.461217101716781,0.235865257060878,-0.558489563643576,-0.535048047012523
4,2,0.415996070332581,0.175648787536137,-0.173275784861094,-0.32375441694683
5,2,0.392568393723541,0.21731501398139,-0.47353919260915,-0.250760310816515
6,2,0.367807546730623,-1.1801319686225,0.725474973351512,0.0899072514719856
7,2,0.382570199128528,0.253080880192877,-0.495835332742988,-0.253312882985317
1,8,-0.812852136657747,-0.859717911336953,1.90171756469784,-0.899601540284631
2,8,-0.848300433256588,-1.14166403957501,0.646914394492701,-0.671663224490571
3,8,-0.859620013846756,-0.580566504295256,1.56328446052801,-1.14456794503909
4,8,-0.84195552418631,-0.727223961933637,0.863609456400273,-1.04729633489368
5,8,-0.841365013230181,-1.57291261552434,1.82223342064464,-0.498365886488211
6,8,-0.873899908150628,-1.16480752236523,1.58358136901441,-0.606250441595592
7,8,-0.842058411379677,-0.60785069368337,0.630234666042512,-1.12937323677292
1,14,-0.0682360559732498,0.311579076982831,0.687659316450533,-0.609718350082553
2,14,-0.116815118893235,-0.139020189405636,1.04696603144337,0.160094620110823
3,14,-0.140328552273784,-0.895008595302501,1.0578236772847,0.38315716977211
4,14,-0.0991539426128849,0.107395766278521,0.741542445125797,-0.149755611586451
5,14,-0.0948660267106467,-0.0340492729378088,1.24381209172325,-0.0255503451698602
6,14,-0.10222808737404,0.116479137707465,1.07019620426847,-0.0757364274683963
7,14,-0.0658473038452465,-0.0367498542348628,0.860564439185665,-0.0792886706926805
1,9,0.778052603660883,-0.453890716409914,1.03705994101236,0.868161492812602
2,9,0.878855493218478,-0.175094360667973,1.16720284379943,0.798233213561031
3,9,0.767145825039837,-1.00705964465649,0.834579179383414,0.791141235897571
4,9,0.821905157663784,-0.57188790075449,1.04480776205709,0.82959887645725
5,9,0.8646564810655,0.26997822524828,1.07559804243049,0.717742203833108
6,9,0.839883231467739,-0.17598506106176,1.11741440837079,0.846123525952815
7,9,0.828680626226467,0.432141198629798,1.06460376602798,0.799012338979602
1,7,0.168209624127139,1.28344634198098,1.81364702436894,0.714313018762833
2,7,0.173857348745974,1.61688917959709,-0.274312174018282,0.456443357894036
3,7,0.164341760655299,1.55102567865054,0.205964237905841,0.680284378461909
4,7,0.158272025771287,1.57644941079758,0.107330478096808,0.236651902098747
5,7,0.179814570455797,1.54621426061377,0.294733576919984,0.632067029845164
6,7,0.142641282039047,1.68047304305485,-0.34228025513952,1.07828490747889
7,7,0.169336237049879,1.63437239593439,-0.158558894837168,0.554265121028198
1,11,-0.379578867146324,-0.0806056412568177,-1.0659060819647,0.194944129520221
2,11,-0.341162982158204,-0.300599022398778,-0.535705579415475,0.0321390331025264
3,11,-0.337453118037377,-0.054366301007807,-1.07070559710321,0.93746801094337
4,11,-0.37630152475337,-0.11149984139601,-0.759113317107945,0.340521342370401
5,11,-0.393938700878446,-0.00544442871899786,-1.30560018152404,-0.0986119944901294
6,11,-0.299751714284541,0.0142972733610014,-1.41441728333663,0.696095224027823
7,11,-0.356905385378579,-0.010547501541371,-0.94984445577365,0.344256642665701
1,10,0.51355457800789,-1.0721452259894,2.10878219199154,0.56932632922297
2,10,0.519517956241403,0.530505586371662,0.666317312627832,-0.331267427480253
3,10,0.571875655604098,0.561895134955042,0.846874907487565,-0.327098574411417
4,10,0.358150672934191,-1.57432808640265,0.79873024312901,0.476436027225556
5,10,0.570673658965509,0.512408480792163,0.317303871010987,-0.143893381475251
6,10,0.617982087771159,0.606222199475761,0.036512429994068,-0.548568097599519
7,10,0.556760798085182,0.880708549338988,-2.01660921149753,0.586164738335858
1,5,-0.645528677919494,-0.537225031603962,-1.94609712850058,-0.839462096892039
2,5,-0.671940641075359,-0.366222859152288,-2.28876713589101,1.14459748164302
3,5,-0.703516278463679,-0.407618455112964,-1.88685485161416,0.73182706597567
4,5,-0.643610692622012,-0.408104678834354,-2.3058498160672,0.176161716106314
5,5,-0.649848140744004,-0.475865596051643,-2.07090825476084,-0.705326515024427
6,5,-0.697635258276228,-0.373136326995841,-2.19292312138331,0.346647753096794
7,5,-0.64876930411249,-0.462392163947801,-2.15229907956321,0.933617696706738
