rep,id,Cl,V1,Q,V2,eta_Cl,eta_V1,eta_Q,eta_V2
1,1,2.32110586780633,2.79757891929852,2.32848004195544,1.44449743823912,-0.320775231202133,-0.387299314470812,-0.824255980408211,-1.27206537853609
2,1,2.29308403506465,2.70914516370536,3.46315300355445,1.54850126230354,-0.348797063943818,-0.475733070063967,0.310416981190798,-1.16806155447167
3,1,2.27644425524538,2.6084104106889,2.77132767857925,1.75050936643904,-0.365436843763089,-0.576467823080427,-0.381408343784401,-0.966053450336174
4,1,2.29851487759661,2.48375618574836,3.22954638357592,1.88485883740859,-0.343366221411857,-0.701122048020966,0.0768103612122659,-0.831703979366619
1,2,2.53040572446286,3.10605144398348,3.15445717937834,2.43836940960796,-0.119778586082302,-0.0788267897858481,0.00172115701468112,-0.278193407167256
2,2,2.53044749619962,3.04187826952812,3.22067744836985,2.40266788744864,-0.11973681434554,-0.142999964241205,0.0679414260061968,-0.313894929326577
3,2,2.51814742200673,3.10941259267951,3.20972742011361,2.19695642445652,-0.132036888538431,-0.0754656410898176,0.0569913977499588,-0.519606392318693
4,2,2.49735789186203,3.25424948963436,2.71716195607069,2.32515541827869,-0.152826418683122,0.0693712558650321,-0.43557406629297,-0.391407398496521
1,3,2.15695452911472,3.86580452879214,3.46708649218983,3.11052996294204,-0.0946756276693677,0.680926295022808,0.314350469826172,0.39396714616683
2,3,2.09435223918785,3.8834351036121,3.97271696563883,3.05252457500807,-0.157277917596238,0.698556869842775,0.819980943275178,0.335961758232861
3,3,2.17402852322967,3.74835337236974,4.33977799675649,3.14446085877802,-0.0776016335544183,0.563475138600409,1.18704197439283,0.427898042002809
4,3,2.1168096788952,4.01351133728421,3.20404357649034,4.21955598315476,-0.134820477888888,0.82863310351488,0.0513075541266885,1.50299316637955
1,4,3.02295667846033,3.03177389575415,4.32403587144075,2.90074261300698,0.397682002525241,-0.153104338015176,1.1712998490771,0.184179796231772
2,4,2.95770396904309,3.03736547413901,4.14284097480744,2.7218121807251,0.332429293108004,-0.147512759630322,0.990104952443788,0.00524936394989028
3,4,2.92144149333169,3.24627250244564,3.45461056444946,2.96146638189241,0.296166817396598,0.0613942686763069,0.301874542085806,0.2449035651172
4,4,2.97528107221977,3.55615101168277,1.67114113452969,2.09306111605989,0.35000639628468,0.371272777913441,-1.48159488783396,-0.623501700715321
1,5,2.72214469216745,3.11300322364416,2.31140529875203,1.39574041069881,0.0968700162323564,-0.0718750101251731,-0.841330723611621,-1.3208224060764
2,5,2.67148054057471,3.15618373294925,1.37602215929754,1.91666817007182,0.0462058646396151,-0.0286945008200838,-1.77671386306612,-0.799894646703393
3,5,2.66292451918016,3.03649210521688,4.03510878043323,1.71262916560141,0.0376498432450694,-0.148386128552452,0.882372758069577,-1.00393365117381
4,5,2.65317430876879,2.6658996250952,4.18798958611506,2.39998078477244,0.0278996328336962,-0.518978608674125,1.03525356375141,-0.316582032002771
1,6,2.57315832746376,3.03730337744121,2.43542826675449,1.81366782891709,-0.0521163484713263,-0.147574856328121,-0.717307755609167,-0.902894987858123
2,6,2.58135398050055,3.18883592236309,1.07381251864385,2.60697590373757,-0.0439206954345437,0.00395768859376133,-2.07892350371981,-0.109586913037642
3,6,2.65492605840075,3.19294547929171,0.849438794446472,2.80837569154272,0.0296513824656621,0.00806724552237981,-2.30329722791718,0.0918128747675055
4,6,2.62414017092714,3.07017359633848,1.82068938370307,3.00945029299241,-0.00113450500794876,-0.114704637430854,-1.33204663866058,0.292887476217197
1,7,3.01886260135597,2.9122537714029,3.46979286547308,3.26215762381862,0.302252598517305,-0.272624462366434,0.317056843109425,0.545594807043409
2,7,2.97566095318999,3.10378781915963,3.52163960289023,3.66804603047388,0.259050950351324,-0.0810904146096991,0.368903580526573,0.951483213698671
3,7,2.98618708353321,2.91183786201742,3.58534141433792,3.30539117967958,0.269577080694539,-0.273040371751907,0.432605391974261,0.588828362904367
4,7,2.87563684475756,2.97691086436421,3.45852448414885,3.61382221419029,0.159026841918888,-0.207967369405117,0.305788461785197,0.897259397415076
1,8,2.26277538050972,2.67120188370959,2.86462844716858,1.79513439973198,-0.379105718498749,-0.51367635005974,-0.288107575195077,-0.921428417043232
2,8,2.26183763720844,2.75365808408693,2.14995505935085,1.9303571886865,-0.380043461800027,-0.431220149682396,-1.0027809630128,-0.786205628088712
3,8,2.29826249211107,2.51541753609936,3.50177264335248,2.04380909747089,-0.343618606897393,-0.669460697669972,0.349036620988828,-0.672753719304326
4,8,2.28344049789218,2.60276439331798,2.94092161474514,2.02311036174482,-0.358440601116287,-0.582113840451348,-0.211814407618514,-0.693452455030392
1,9,2.92349973823313,2.89354119957729,3.57073907085095,3.55665124333415,0.206889735394461,-0.291337034192039,0.418003048487299,0.84008842655894
2,9,3.07019052575703,3.04515379052455,3.27420641770639,3.51004447361363,0.353580522918364,-0.139724443244781,0.121470395342731,0.793481656838418
3,9,2.92326238299722,3.12541768944272,3.47995959696963,3.59574037327513,0.206652380158553,-0.0594605443266079,0.327223574605978,0.87917755649992
4,9,2.88273952166105,3.11959816549232,3.367526534261,3.53568667861355,0.166129518822381,-0.0652800682770085,0.214790511897343,0.81912386183834
1,10,2.60110202077547,3.38020161213715,1.80061271198431,2.35845551116348,-0.206843308966777,0.195323378367824,-1.35212331037935,-0.35810730561173
2,10,2.68496784827146,3.55262427133268,1.81397530770477,3.88337346732238,-0.122977481470783,0.36774603756335,-1.33876071465888,1.16681065054716
3,10,2.62929255042627,3.56240106718261,2.16254137543488,2.90028124700682,-0.178652779315981,0.377522833413285,-0.990194646928775,0.18371843023161
4,10,2.67425766851857,3.34919308062241,2.12768402282819,2.96279615404862,-0.133687661223682,0.164314846853083,-1.02505199953547,0.246233337273408
1,11,2.91607973431715,3.08662736340216,4.00555740580904,2.9479991128152,0.216076154551861,-0.0982508703671714,0.852821383445382,0.231436296039989
2,11,2.90343720174648,3.05133802340012,3.75741870637656,2.75661249264048,0.203433621981186,-0.13354021036921,0.604682684012908,0.0400496758652675
3,11,2.94540361770943,3.4468399164595,2.4174899084162,1.71997460050008,0.245400037944139,0.261961682690166,-0.735246113947452,-0.996588216275134
4,11,2.8926578991876,2.5883920557031,4.2333504048675,3.08237382991878,0.192654319422309,-0.596486178066233,1.08061438250384,0.365811013143567
1,12,2.91039173339893,3.02747538211426,3.55706526469477,3.74266256236077,0.193781730560259,-0.157402851655071,0.404329242331118,1.02609974558555
2,12,3.04467499645049,3.01639038124131,3.58939813070215,3.81821543800566,0.328064993611824,-0.168487852528016,0.436662108338493,1.10165262123044
3,12,2.94059033227358,3.08659908299154,3.59138547987612,3.36038293842991,0.223980329434908,-0.0982791507777852,0.438649457512467,0.643820121654693
4,12,2.94113153822158,2.9420029889422,3.48957160123729,3.6384788210191,0.224521535382916,-0.242875244827132,0.336835578873636,0.921916004243887
1,13,2.43747418354717,3.6587889941426,3.55177403852312,3.70996992914268,-0.445200050025278,0.473910760373268,0.399038016159461,0.993407112367468
2,13,2.49726834288352,3.52793705837267,4.1108137511883,3.97443498835788,-0.385405890688924,0.343058824603338,0.958077728824644,1.25787217158266
3,13,2.53509335419617,3.59732370796672,3.56982446875518,3.56022202643164,-0.347580879376275,0.412445474197393,0.417088446391523,0.843659209656424
4,13,2.38807417413053,2.49968464905939,4.79518890649747,4.00378811357347,-0.49460005944192,-0.685193584709944,1.64245288413382,1.28722529679826
1,14,2.9495025978327,3.35829750289052,3.29627243809388,2.55912074440234,0.324227921897613,0.173419269121194,0.143536415730225,-0.157442072372875
2,14,2.95465449025348,3.5261722296806,2.62637036415947,2.37809325801411,0.329379814318393,0.341293995911269,-0.526365658204185,-0.338469558761103
3,14,3.01997842669994,3.52012026048779,1.88586718096254,3.04959127330209,0.394703750764845,0.335242026718455,-1.26686884140111,0.333028456526872
4,14,2.89120899514431,2.70454502209648,4.58355926352738,2.93278071552844,0.265934319209221,-0.480333211672853,1.43082324116373,0.216217898753224
1,15,2.10897856121647,3.87902248102943,3.32339396054722,2.85674122645082,-0.142651595567615,0.694144247260102,0.170657938183565,0.140178409675612
2,15,2.16935696004967,3.77919088942041,3.30746403237273,3.02948274084941,-0.0822731967344135,0.594312655651081,0.154728010009078,0.312919924074193
3,15,2.15498363511973,4.03665047541969,2.31317137573787,2.95580343470081,-0.0966465216643555,0.851772241650356,-0.839564646625788,0.239240617925599
4,15,2.1567579421708,3.95559573343697,3.30033091401687,2.20714033077993,-0.0948722146132837,0.77071749966764,0.147594891653214,-0.509422485995288
