rep,id,eta_Cl,eta_V1,eta_Q,eta_V2
1,10,0.143169494026072,0.50690985831301,-1.73886211829721,0.619087967665243
2,10,0.198787258968642,0.217845173673226,0.194697924456801,-0.999607523553868
3,10,0.171233737936469,-0.0270974990402779,0.825944573281614,-0.418618859547815
4,10,0.212107824349189,0.419229988550354,-1.68460609551588,-1.1921433906564
5,10,0.237013362726487,0.337455494468271,1.54287258854387,-1.35337374191119
1,4,-0.329060667210884,-0.195800176605938,0.225704312059785,-0.552738795459107
2,4,-0.359425720352112,-0.239304830530306,0.625951649577318,-0.593690613006207
3,4,-0.26148201797729,-0.111465856949311,0.213488174317702,-0.931705587159427
4,4,-0.270033041305507,-0.411747780002453,0.737225078773108,-0.442987577733547
5,4,-0.282806751511938,-0.00593953281677662,-0.184274843839477,-1.03430138037039
1,9,0.119453145912042,-0.285049351073685,0.64669852949949,-0.365145483728682
2,9,0.0995961414266042,-0.359025184043381,0.615682310638841,-0.368390603489242
3,9,0.0717570166604817,-0.268384787983356,0.739417182352174,-0.0340800563531363
4,9,0.0486784280832948,-0.114909049711513,0.524606624026086,-0.309048334674681
5,9,0.0350164838417073,-0.102410750973824,0.718967764941214,-0.305945656868768
1,15,-0.591608027404549,-0.793893361156862,0.327534560349278,-0.956098104124137
2,15,-0.537882984365553,-0.805031261795486,0.46920672242098,-0.925107488550522
3,15,-0.519224250373933,-0.390791904445837,-0.898791728340801,-1.52509872793411
4,15,-0.478056641856016,-0.426743516583521,-0.5875870810846,-1.55639797163406
5,15,-0.550829234085793,-0.721126547482777,0.485681824479367,-0.973770883015101
1,8,0.12935007689794,0.213168552174271,2.64732397640458,0.0503837376711909
2,8,0.170710969845394,-0.0926607039341558,3.20540252807797,0.281321866533914
3,8,0.157267959634173,0.477084799811812,2.1355932956738,-0.289911177769814
4,8,0.165889191842525,0.506318590554982,3.63204955377961,-0.441592461829806
5,8,0.139164373570239,0.233899808932679,2.58549542145516,0.0391735254467918
1,6,-0.167255306873687,0.346640788576113,-1.88661615347271,-0.291915948984747
2,6,-0.156677631595625,0.316122316917021,-1.76090102381081,-0.12815927973935
3,6,-0.135330089874387,0.35266083076589,-1.48173990608493,1.16842502298633
4,6,-0.213244355924209,0.39508183196648,-1.29530801183552,1.20421322231491
5,6,-0.189479939762311,0.393115352484251,-2.14303443211987,1.18097677448572
1,13,0.269109792057209,-0.469588722462515,1.99451278213331,1.53743171636187
2,13,0.311508130560239,-0.280218452840222,2.05837261072508,1.61405050807448
3,13,0.334837370447938,0.675135314847965,1.98361601400588,1.35274465413865
4,13,0.31763286628015,0.765967692019863,2.05704074473842,1.51056241289665
5,13,0.353795067030951,0.427860499291551,2.10891865571855,1.5557601517926
1,5,-0.37791886881986,-0.198056471217493,-0.985907888860996,0.302012999672934
2,5,-0.349159077232613,-0.125711747384648,-1.47078348128017,-0.277193648585716
3,5,-0.301774496679386,-0.135124860863813,-1.80776814949088,0.667994232435041
4,5,-0.361536764560896,-0.188463312687644,-1.01148692288372,-0.423417198739672
5,5,-0.364595576445231,-0.104940666572114,-1.58926034246673,1.53711243188116
1,12,-0.17941538273349,0.0763300625669756,-2.24038197174144,0.307248495185656
2,12,-0.206096675367306,0.0261075832012496,-1.47220352110135,-0.946449785818746
3,12,-0.098209969307447,0.0360634921361647,-4.12692727454746,0.865737436596226
4,12,-0.176783809300067,0.0114530709394232,-1.87057268759936,-0.428063513187298
5,12,-0.165911647792405,0.0675784416840064,-2.72345490071365,0.100593041825292
1,11,-0.0566549366542675,0.225855603878135,-0.0218922931829266,0.651604011537573
2,11,-0.02950920506068,0.235219361939215,0.0169971076846962,0.907269573430504
3,11,0.0241286546176105,0.231180051161735,-0.411654149784027,-0.0245890412831211
4,11,-0.0564655387203952,0.25053223038277,0.0927234892289763,-0.0369344110106291
5,11,-0.0841197053902212,0.291885891020331,-0.257928958603469,0.889223455282205
1,2,0.706583945004285,0.231772991401312,1.26482270135516,0.0365618324390367
2,2,0.711026076692717,0.460539570537625,0.668303343605272,-0.113374775299319
3,2,0.656278021916186,0.554751338302506,0.538148566186161,-0.193099923773449
4,2,0.739793277753032,0.557859721654336,0.124228466499824,-0.450971678789178
5,2,0.698488834092684,0.547809474144405,0.302761644696224,-0.0959385328134781
1,1,0.250111063524187,-0.180553222149308,0.195670408856966,0.095683394449134
2,1,0.142577491632584,-0.104727992705352,0.369768465260115,0.516656067874491
3,1,0.097271900099217,-0.36630302652628,0.457181755661275,0.566840571533807
4,1,0.160064350930408,-0.0175551916636976,0.254577680835509,0.57562617146131
5,1,0.159394126904667,-0.485401561363183,0.650022501342349,0.237777470711416
