rep,id,Cl,V1,Q,V2,eta_Cl,eta_V1,eta_Q,eta_V2
1,1,2.83086886528327,2.56031760810295,3.88142315227957,3.24601257217568,0.126849359314406,-0.627956230146992,0.728687129915918,0.585952240712311
2,1,2.91399499686966,3.31053794469746,3.11920830800911,2.5063968978706,0.209975490900795,0.122264106447518,-0.03352771435455,-0.153663433592771
3,1,2.911097590177,3.0858711628895,3.75396747339558,3.23090730565002,0.207078084208137,-0.102402675360439,0.601231451031929,0.570846974186648
4,1,2.90629043997437,3.01528153167816,3.46753248739799,2.87952758371154,0.2022709340055,-0.172992306571784,0.314796465034335,0.219467252248174
1,2,3.0141494291584,3.25540396285533,3.97743398242142,1.91499845398164,0.328108835321763,0.0671301246053897,0.824697960057763,-0.745061877481727
2,2,2.84387215563108,3.4671541465264,2.15135475194661,2.20360224977303,0.157831561794442,0.278880308276455,-1.00138127041705,-0.456458081690343
3,2,2.88313971818819,2.93734591257824,4.41681377712544,2.66101996233128,0.197099124351556,-0.250927925671705,1.26407775476179,0.000959630867915173
4,2,2.78323703356183,3.49925690463045,1.60229897285793,2.02869041309717,0.0971964397251948,0.310983066380505,-1.55043704950573,-0.631369918366198
1,3,2.90586317671656,3.19351973184066,3.66275497815373,2.37060720890247,0.219822582879927,0.00524589359072003,0.51001895579007,-0.289453122560895
2,3,2.81868912674339,3.05301345926235,4.49170921397455,2.66790740524279,0.132648532906752,-0.135260378987587,1.33897319161089,0.00784707377942251
3,3,2.86245360928601,3.49716006419875,1.95436737452561,1.98915764649159,0.176413015449372,0.308886225948811,-1.19836864783804,-0.670902684971779
4,3,2.82063913679701,3.41852603787968,2.3034911921435,2.11999721228624,0.134598542960373,0.230252199629737,-0.849244830220154,-0.540063119177128
1,4,2.45324059684738,2.98841355061598,2.0033610501076,2.16055889643946,-0.115937068129755,-0.199860287633962,-1.14937497225606,-0.499501435023912
2,4,2.4658689612454,3.01893317293151,1.52878305225847,2.32958864643166,-0.103308703731727,-0.169340665318434,-1.62395297010518,-0.330471685031708
3,4,2.43146831766104,3.01892781575016,2.06453965045909,3.2110921657697,-0.137709347316088,-0.169346022499779,-1.08819637190457,0.551031834306327
4,4,2.43970739284933,2.78888467415115,2.56604389336731,2.46549592068508,-0.129470272127805,-0.399389164098794,-0.586692128996348,-0.194564410778293
1,5,2.75871153199188,3.11878180807574,2.67096792865397,3.02021816026626,0.117618218485828,-0.0694920301742026,-0.481768093709684,0.36015782880289
2,5,2.75853861789891,3.11479503744195,2.16390226267186,2.68778618253464,0.117445304392855,-0.0734788008079921,-0.988833759691792,0.0277258510712701
3,5,2.78777814188942,2.70873343992101,3.60269558396814,2.6034305723957,0.146684828383368,-0.479540398328936,0.449959561604484,-0.0566297590676692
4,5,2.77440455250915,3.00460453725721,2.70540146737012,2.63563282685737,0.133311239003089,-0.183669300992726,-0.447334554993538,-0.0244275046059981
1,6,2.13874160648538,3.79587143499943,3.83042418220814,3.11094046010771,-0.0798472719132377,0.607597596749489,0.677688159844485,0.450880128644338
2,6,2.18749123736328,3.77325300591223,3.72711388545009,2.8558049461358,-0.0310976410353385,0.584979167662288,0.574377863086438,0.195744614672435
3,6,2.18458294991921,3.72204296749538,3.67898147568013,3.17953306475992,-0.0340059284794076,0.533769129245439,0.52624545331647,0.519472733296552
4,6,2.17339591737214,3.84442734746025,3.07561006169663,2.70194651058082,-0.0451929610264825,0.656153509210312,-0.0771259606670256,0.0418861791174474
1,7,2.28602871094142,2.65033635595434,2.81710696551909,1.83541756837423,-0.355064602564634,-0.5379374822956,-0.335629056844561,-0.824642763089137
2,7,2.30870604528466,2.3799771957504,3.57719437250032,2.12967611631925,-0.332387268221395,-0.808296642499541,0.424458350136661,-0.530384215144122
3,7,2.25385055311541,2.69986670670871,2.66581695649718,1.81260572613226,-0.387242760390651,-0.488407131541227,-0.486919065866481,-0.847454605331107
4,7,2.28705463559737,2.37237024017202,3.59564176485916,2.15538591557257,-0.354038677908687,-0.815903598077922,0.442905742495503,-0.504674415890797
1,8,2.82908263037853,2.97358356561278,3.96140702247152,2.94369523234579,0.125063124409662,-0.214690272637157,0.808671000107869,0.283634900882424
2,8,2.96796621837816,3.37631140144332,3.01401517817589,2.65233212087273,0.26394671240929,0.18803756319338,-0.138720844187766,-0.00772821059063578
3,8,2.89979031732667,2.79538226892957,3.63263721149117,3.1677330495822,0.195770811357801,-0.392891569320372,0.479901189127516,0.507672718118828
4,8,2.89006774308037,3.05467879046066,3.52174492589833,3.17267719504118,0.186048237111507,-0.133595047789281,0.36900890353467,0.51261686357781
1,9,2.65313341941098,3.22701810034373,0.787959205167589,2.93293624995205,0.030019018037152,0.0387442620937879,-2.36477681719607,0.272875918488686
2,9,2.64683690739035,3.16903230529116,1.23591467697659,2.86633033204971,0.0237225060165267,-0.0192415329587825,-1.91682134538707,0.206270000586342
3,9,2.64892527207879,3.16564523480594,1.41081378266017,2.51342702696701,0.0258108707049622,-0.0226286034440033,-1.74192223970349,-0.146633304496357
4,9,2.69967974437254,2.9180316436016,3.93671440226072,1.31717643632252,0.0765653429987148,-0.270242194648339,0.783978379897067,-1.34288389514085
1,10,2.51965484428839,3.62406463048395,4.27994454388289,3.47501122348592,-0.382132695135025,0.435790792234004,1.12720852151924,0.814950892022548
2,10,2.4987872899566,3.86215822932911,3.3003141269617,2.98227867733979,-0.403000249466817,0.673884391079168,0.147578104598048,0.322218345876416
3,10,2.50564573552454,3.74977051400924,3.75138152935725,3.60904758608678,-0.39614180389887,0.561496675759303,0.598645506993598,0.948987254623413
4,10,2.57007003607966,3.62902190732867,3.74800801140848,3.12613619157369,-0.331717503343752,0.440748069078733,0.595271989044823,0.466075860110323
1,11,2.99118729810118,3.0854844080374,3.22315618515919,2.68120211222806,0.287167792132315,-0.102789430212542,0.0704201627955392,0.021141780764689
2,11,3.00031725871213,3.33473760965938,2.78164547418483,2.80818650944527,0.296297752743258,0.146463771409436,-0.371090548178822,0.148126177981897
3,11,2.80041960553236,3.02823024814768,3.78889115025017,2.92183218125074,0.096400099563493,-0.160043590102261,0.636155127886518,0.261771849787367
4,11,2.91857892101296,3.04167952680473,3.82314751577413,2.55715906441118,0.214559415044094,-0.146594311445206,0.67041149341047,-0.102901267052186
1,12,2.6878545120344,3.56105535612225,1.37926423155171,3.37927170129851,-0.133027922793969,0.372781517872312,-1.77347179081195,0.71921136983514
2,12,2.63849661319567,3.53059953410784,1.06399503451008,3.20242958517798,-0.182385821632705,0.342325695857902,-2.08874098785358,0.542369253714607
3,12,2.78010476421467,3.49783419936631,0.412068472568729,3.01236119988558,-0.0407776706136977,0.30956036111637,-2.74066754979493,0.352300868422211
4,12,2.69900116934807,3.46325347277599,2.45934779275485,2.19598223269944,-0.121881265480298,0.274979634526046,-0.693388229608807,-0.464078098763933
1,13,2.18898566330274,4.00484475865778,2.43158739607874,2.32801919228256,-0.029603215095876,0.816570920407843,-0.721148626284917,-0.332041139180804
2,13,2.14683210077385,3.92588162816194,2.91986554601244,2.53859433780112,-0.0717567776247683,0.737607789912001,-0.232870476351219,-0.121465993662247
3,13,2.16491750057842,3.95814634666495,2.92417978451256,3.35508270019381,-0.0536713778201943,0.769872508415013,-0.228556237851095,0.695022368730445
4,13,2.17812201518803,3.763065049401,3.7981621568048,2.76879540377162,-0.0404668632105856,0.574791211151062,0.645426134441146,0.108735072308255
1,14,2.40151652965945,3.04616287242295,2.01893804796001,2.88463602329915,-0.167661135317677,-0.142110965826995,-1.13379797440365,0.22457569183578
2,14,2.4120222050975,2.90539070140412,2.30405740142214,2.41619575873297,-0.157155459879627,-0.282883136845819,-0.848678620941517,-0.243864572730398
3,14,2.41206569884208,2.91252035152302,1.98215735194202,2.76823118568293,-0.157111966135054,-0.275753486726924,-1.17057867042163,0.108170854219565
4,14,2.3870267509861,2.93892135842879,2.36888005003745,2.8448331228541,-0.18215091399103,-0.24935247982115,-0.783855972326208,0.184772791390726
1,15,2.90898143406793,2.95621280504675,3.91650027991591,2.85272856121958,0.204961928099068,-0.23206103320319,0.763764257552251,0.192668229756211
2,15,2.88001403563057,3.11070151967058,3.8117255735298,2.64246045888926,0.175994529661707,-0.0775723185793642,0.658989551166142,-0.0175998725741069
3,15,2.93124183690361,3.30013747225721,3.50494385951481,2.5724386245934,0.227222330934738,0.111863634007269,0.352207837151157,-0.0876217068699665
4,15,2.88272429854166,2.98273908583206,3.454274682082,3.06195390720368,0.178704792572789,-0.205534752417881,0.301538659718348,0.401893575740313
