rep,id,Cl,V1,Q,V2
1,14,10.2861640540948,28.3690931435058,13.2079196377777,4.2514213271191
2,14,10.085335539929,10.9040877767094,80.0377666023038,17.6917622187985
3,14,10.4179117101285,15.1635020429963,67.327507576971,16.0635513763153
4,14,10.2550140407004,21.4994809416639,28.111507558579,11.9816179751673
5,14,10.0648452482854,21.0591312777219,48.1549320979033,10.1340804129709
1,5,22.447732582933,40.5353413352809,15.0324046421521,87.2467618562449
2,5,22.5015300544352,32.9171690268311,28.0840080130236,27.5175023236746
3,5,22.1493311518084,42.2984912224381,13.0820314511564,63.606416802426
4,5,23.2051882957403,36.5210998294515,16.4249356778644,22.655961345944
5,5,23.6910715111533,39.1602240868504,14.2943034194342,34.1517179163149
1,6,15.4486206701291,20.9552476360134,236.308055068919,10.100000362243
2,6,13.4175640640322,33.5068127749283,4.74896691975003,20.5075055672883
3,6,13.4732395861196,34.6233524682943,4.56655228237665,6.20766658949437
4,6,14.6997070782025,32.4254876803707,4.54625890553106,31.1109927585806
5,6,13.0980117752403,5.16180403810469,114.533347021103,25.0049580602652
1,9,53.3512552438438,35.5996292013805,177.589681432676,66.216080315106
2,9,52.9319618369984,28.1934081171841,175.050890197754,66.8347702468307
3,9,40.2432310966951,5.0036761178882,73.4738001905442,54.7711719761983
4,9,47.2086951685525,12.1917648333114,132.093031592626,73.8055338071326
5,9,47.5061841931957,16.0362422516479,149.929613657926,74.0940175769153
1,7,16.7790187489606,113.350833360952,11.7139307927269,13.5636779774305
2,7,17.4320754545034,105.640286965264,30.1954149984558,26.1477646652637
3,7,16.9526937595062,89.0495318421165,104.308521940545,41.4504469207696
4,7,17.0223411459102,105.558556559889,38.0247471921918,59.2031222561819
5,7,17.1605407811452,114.095859532356,11.6667411424424,60.1836361662291
1,3,36.0673968198849,32.8132805078626,237.840873512184,34.3974089095584
2,3,33.4348545548229,64.6417218454389,15.9007098789778,18.8587849225667
3,3,35.6017248027629,58.6990900574466,31.883855511591,15.0855151431992
4,3,33.6924161592835,69.9942604439688,13.6175832167228,19.85618829088
5,3,38.6280063321484,66.9554752586473,5.47467711507669,29.2497766890987
1,10,18.9185853443607,27.2633841483338,34.7713821943719,13.1519950173888
2,10,20.1649938916751,30.8378214491548,51.3189147563168,4.96180619721306
3,10,20.2216103340188,27.9489554209398,26.5405199049069,10.6877819335452
4,10,18.8797084478173,33.3297650840312,14.3185329374087,7.85223398631995
5,10,19.6661401257408,34.271023686904,4.46061562432139,5.67205951379024
1,12,14.5750414441737,25.0954286295818,2.78863508005825,24.6735459754948
2,12,13.8783716657681,24.4046710620428,6.4264953816246,12.1954716194491
3,12,14.3922580575327,23.9524031173518,2.84004605726152,28.0131353826185
4,12,14.5135779938499,24.2677097911902,2.43691375146889,20.9132847494673
5,12,14.0825438962003,24.645174992248,5.7597114353401,35.6579524660394
1,1,18.5586077854626,19.9053437744725,33.3497266395696,30.4725783741943
2,1,19.0928056037888,20.5543629218908,34.4388574611051,33.2087605090347
3,1,18.5453046067534,20.4264024255844,35.2792022441894,43.1446975476412
4,1,19.9963349892512,22.104823559806,32.5915127553586,51.073301750419
5,1,19.7806014013898,23.4342967695098,28.5059648784747,54.6996274843279
1,15,10.0124358876719,14.4905153183256,15.5018932688824,5.14444555602907
2,15,9.77421043596866,16.2461807112566,9.72759448302178,5.31874375824575
3,15,9.8495778643244,10.1345682064969,42.1248110420206,9.0004286431309
4,15,9.96722132598228,11.2421459462465,30.3128651929352,8.43321851666234
5,15,9.69367348041834,11.075171084546,35.8676938714026,8.58465162814029
