rep,id,Cl,V1,Q,V2
1,15,29.9720971920732,33.3564881208912,89.522953999954,25.0515708250148
2,15,29.662108105373,45.3991519302303,43.9732522912092,17.2784282747196
3,15,30.2862576323312,34.6691137576167,104.587918041136,21.9299397975714
4,15,29.503224440318,40.2363759127194,66.8833449179702,19.6827233753017
5,15,29.6944252478486,44.4943664901984,47.8176379229327,16.3037222453955
1,9,36.2159199240919,27.1992202065089,141.201288007323,40.7734357688812
2,9,35.5210701266146,19.4819633560692,97.8242359189416,49.7003719712727
3,9,36.0295940537292,22.9661095971952,110.075079841687,45.5984316423012
4,9,33.7926991062702,29.190407703547,121.173229166633,41.7273717898628
5,9,35.6944939239372,43.4509099625285,72.320223892471,34.7800650675348
1,4,12.513394770704,19.3299899501264,31.3309872873246,12.3215462603603
2,4,12.5585008476139,24.9704172805974,10.3752069983926,12.12695718267
3,4,12.7771408679385,24.4027929467718,10.8195317985111,8.10683979620488
4,4,11.7710145906869,14.9251687121309,59.1439862580796,16.1875626427346
5,4,13.2271790187831,20.8751204137925,26.8784165110462,8.94076974461565
1,3,17.1938996168937,31.1320397510844,15.6161839848441,9.83400817970715
2,3,15.8700352935527,32.3090046626308,8.01078895476548,9.22761202822274
3,3,16.7293013451548,33.4707131913871,5.46576301597196,7.33795681830409
4,3,19.352372955929,34.0415414098851,5.08899383067916,12.074773715219
5,3,16.8920290931913,36.1125120601008,3.24400973496074,20.1147965253432
1,12,42.8557665066971,69.4417379542793,7.41860104923625,17.6378915406404
2,12,42.4531033891609,70.4936494469448,11.1320652080976,26.2501148230964
3,12,41.6945034768236,71.1279566004671,8.5901072142539,18.7955621670959
4,12,42.7739987835106,71.7432684248626,5.70954110987455,10.5143303730084
5,12,41.6245321117469,71.3809350768963,12.3243440562311,25.0635520530544
1,14,10.2172280249872,18.2016269491106,51.1235639707692,11.8882742434824
2,14,10.6680869576922,19.0286642290143,59.6073863815228,12.5285323134006
3,14,9.85930276350517,19.6258099944732,57.9137224852927,11.7788375511905
4,14,10.1437511939307,18.5930884288497,108.895511025777,12.798474794141
5,14,10.359059826359,27.3088716179994,16.3908192763615,5.91756646392885
1,6,14.3391513075518,33.2748622722303,5.9650851544122,19.1514377156609
2,6,13.4349326974498,33.4539460833218,5.52894337374326,15.1604112099941
3,6,14.5601534296301,28.9430357157531,6.74197056024286,12.5806025501855
4,6,15.9605530532795,27.8792076003048,23.5667812591707,6.14130294092172
5,6,13.4065323572837,33.7599178101666,7.1646618215825,36.7803727846725
1,10,20.9222770969459,29.908695177335,18.0100480563761,9.87119815334391
2,10,20.6272120949582,36.9199717006057,0.880144498176877,8.15051202563164
3,10,20.2327329899272,32.6872170670928,14.0104531788584,11.1333047205362
4,10,20.3629418577712,30.9540049907424,52.6554612619383,6.30064127085262
5,10,19.3917295472004,31.7950029451228,23.2001697813679,7.71928267548501
1,1,22.0017622514678,18.3579545814684,36.7937969200092,27.8118151757222
2,1,17.918980957846,19.8212921214555,40.0115288252336,39.288874992764
3,1,17.5062860067698,19.314423216588,38.4800778021642,47.0001463103163
4,1,19.3712956664821,21.5538886368768,28.2578771684533,27.5403624462055
5,1,18.9272842930198,23.1240700750705,31.4697670223507,37.857710927887
1,2,16.5478927376708,14.9806234142932,39.6994847871641,13.6004870925639
2,2,16.1184347113651,21.3165215572165,18.9487018243811,7.07606601081805
3,2,18.4108389336113,22.8354173379158,5.44812394766942,9.2024740304523
4,2,16.5246305331283,19.711493742865,20.7897568996364,10.5756525738023
5,2,16.6204376023145,21.2773651929586,9.86223140932936,11.733876465355
