rep,id,Cl,V1,Q,V2,eta_Cl,eta_V1,eta_Q,eta_V2
1,1,2.27430364887799,3.13844579640001,3.1488088076415,1.23933844851337,-0.0240061365954349,-0.0268208641263024,-0.00392721472215829,-0.972820347465191
2,1,2.26803103104046,3.19447557338132,2.87023565376185,0.653677822765504,-0.0302787544329672,0.0292089128550033,-0.282500368601805,-1.55848097321305
3,1,2.33630505467491,3.27879816108331,3.50148933443242,-1.50653249190145,0.0379952692014793,0.113531500556991,0.348753312068768,-3.71869128788001
4,1,2.27116743308633,3.24029803460332,3.54994138380049,0.13815996126332,-0.0271423523870937,0.0750313740770046,0.397205361436832,-2.07399883471524
1,2,2.30991563648066,2.79857778163877,2.44485656051299,1.16999747954007,-0.283942532216241,-0.366688878887549,-0.707879461850665,-1.04216131643849
2,2,2.3118154756648,2.86870241913831,1.87230510920072,1.28251995768946,-0.282042693032107,-0.296564241388005,-1.28043091316294,-0.929638838289097
3,2,2.38128720837314,2.5726436198977,3.43928424579448,1.8278364888577,-0.212570960323762,-0.592623040628618,0.286548223430823,-0.384322307120857
4,2,2.28861363019774,2.64667227439704,2.84081375371861,1.66664836890151,-0.305244538499161,-0.518594386129275,-0.311922268645047,-0.545510427077049
1,3,2.87974240771549,3.45007639626494,2.38379826706068,3.64505151796821,0.209260584108799,0.284809735738623,-0.768937755302977,1.43289272198965
2,3,2.74398391055069,3.48430035315442,2.92748630748099,4.67258151823433,0.0735020869439964,0.319033692628101,-0.225249714882661,2.46042272225577
3,3,2.74361243580881,3.16234357922104,3.48208972702863,3.3201706824161,0.0731306122021125,-0.00292308130527186,0.329353704664971,1.10801188643755
4,3,2.71589730152054,3.31960315937791,3.15238689496507,3.89060509017249,0.0454154779138451,0.154336498851591,-0.000349127398583615,1.67844629419393
1,4,2.23971071919071,2.98862597234428,3.57644934062672,1.66677962708739,-0.0585990662827225,-0.176640688182036,0.423713318263069,-0.545379168891167
2,4,2.26729949131365,3.05078934544293,3.73895100815611,1.94639408330526,-0.0310102941597807,-0.114477315083383,0.586214985792459,-0.265764712673303
3,4,2.24138172099626,3.09854127025171,2.97503506862582,1.59135221291935,-0.0569280644771695,-0.0667253902746041,-0.177700953737835,-0.620806583059204
4,4,2.21379534373445,3.31416747332365,3.10673978547446,-0.304653362837267,-0.0845144417389747,0.148900812797335,-0.0459962368891951,-2.51681215881583
1,5,2.31618373720999,3.08440667736331,3.33721586733206,1.8914268329497,0.0178739517365574,-0.0808599831630001,0.184479844968399,-0.320731963028861
2,5,2.24273631603293,3.27134289594799,3.07451730983463,0.233692280420596,-0.0555734694404983,0.106076235421678,-0.0782187125290288,-1.97846651555796
3,5,2.2905368784451,3.26485581681246,2.65204359459319,0.668481115665325,-0.00777290702832545,0.099589156286148,-0.500692427770467,-1.54367768031323
4,5,2.27901833636817,3.2363633104913,2.41018468588214,0.118950891496468,-0.0192914491052605,0.0710966499649839,-0.74255133648152,-2.09320790448209
1,6,2.90520284421058,3.55795497011332,2.98625779786777,1.9193982243162,0.33323714834504,0.392688309587008,-0.166478224495883,-0.292760571662357
2,6,2.91185819757309,3.43316984721546,3.64633870106463,2.01946638284872,0.339892501707554,0.267903186689145,0.493602678700977,-0.192692413129837
3,6,2.87654401278346,3.60120203881535,2.92689043079234,0.754501236427565,0.304578316917923,0.435935378289035,-0.225845591571313,-1.45765755955099
4,6,2.9208189547591,3.4321380082925,3.24305094647194,2.08352216592039,0.348853258893569,0.266871347766188,0.0903149241082812,-0.128636630058165
1,7,2.89867800497419,2.98126424643341,3.65210975012608,3.49384446596871,0.206303708536125,-0.184002414092904,0.499373727762427,1.28168566999015
2,7,2.83014989462495,3.32702471502042,3.25468913538482,4.19154943593159,0.137775598186889,0.161758054494105,0.101953113021167,1.97939063995303
3,7,2.88998987269817,2.96928009278952,3.64537169060533,4.03566795958634,0.19761557626011,-0.195986567736796,0.492635668241678,1.82350916360778
4,7,2.99086958042504,3.0961572992762,3.43804314148719,3.73563137118032,0.298495283986973,-0.0691093612501121,0.28530711912353,1.52347257520176
1,8,2.2922226163946,2.5220636143303,3.06261335095649,2.01206091160372,-0.301635552302308,-0.64320304619601,-0.0901226714071637,-0.200097884374844
2,8,2.28556916341523,2.49810383947322,3.53888609667581,1.83604808573318,-0.308289005281674,-0.667162821053098,0.386150074312157,-0.376110710245381
3,8,2.28959477275381,2.71221158605351,3.16231431388971,1.59414247186824,-0.304263395943093,-0.453055074472808,0.00957829152605161,-0.618016324110315
4,8,2.34849681655506,2.72131844459232,2.7448164846119,1.55746362405557,-0.24536135214184,-0.443948215933994,-0.407919537751757,-0.654695171922987
1,9,2.63494061766839,3.31303116446123,3.3140755247808,1.93664528606279,-0.177842279342199,0.147764503934916,0.161339502417145,-0.275513509915772
2,9,2.74505596710562,3.46652189644923,3.20965106775798,-0.276576983552237,-0.067726929904973,0.301255235922919,0.0569150453943266,-2.4887357795308
3,9,2.74236135123423,3.34964496157907,4.57660139037803,0.944095922670143,-0.0704215457763615,0.184378301052757,1.42386536801438,-1.26806287330842
4,9,2.65276978932529,3.52641333464343,1.10913159806783,3.63586476625323,-0.160013107685304,0.361146674117113,-2.04360442429582,1.42370597027467
1,10,2.67141153282979,3.50426718088905,2.92067199042137,4.2719135550693,0.000929709223092878,0.339000520362733,-0.232064031942282,2.05975475909075
2,10,2.74270267718299,3.20914928870101,3.22687651307008,2.9986110937294,0.0722208535762996,0.0438826281746967,0.0741404907064274,0.786452297750842
3,10,2.76234228541173,3.4303909232885,2.88556900041465,3.67835866979549,0.09186046180504,0.265124262762181,-0.267167021949008,1.46619987381693
4,10,2.86867309910261,3.3764132753092,2.66445064341295,3.54603643018605,0.198191275495911,0.211146614782884,-0.488285378950707,1.3338776342075
1,11,2.37632690787559,2.8890338691879,2.36609920587235,2.90670658149729,-0.12996136949584,-0.276232791338417,-0.786636816491306,0.694547785518731
2,11,2.40457475113725,2.97220450213219,2.21956295551373,3.13549443185773,-0.101713526234176,-0.193062158394126,-0.93317306684993,0.923335635879176
3,11,2.37406075483191,2.91040326040118,2.44541507523778,2.93466594183845,-0.13222752253952,-0.25486340012514,-0.707320947125873,0.722507145859888
4,11,2.41352178453261,3.00123871969668,2.10094961622563,3.59864126173755,-0.0927664928388205,-0.164027940829639,-1.05178640613803,1.386482465759
1,12,2.14333786578615,3.97185287094638,2.8367630801211,1.1484958527533,0.0639528086264107,0.806586210420065,-0.315972942242555,-1.06366294322526
2,12,2.22269824988603,3.74758819176571,3.26757322266208,3.19783135471843,0.143313192726285,0.582321531239396,0.114837200298427,0.985672558739873
3,12,2.10022126813949,3.97804989852246,3.50108580302501,3.98410219813958,0.0208362109797458,0.81278323799615,0.348349780661353,1.77194340216102
4,12,2.19709760031668,3.81972561684302,3.29953503472106,2.65955071479491,0.117712543156942,0.654458956316703,0.146799012357405,0.447391918816349
1,13,2.85880175366116,3.1249086128718,3.43041672875235,3.56875138937611,0.166427457223099,-0.0403580476545158,0.277680706388697,1.35659259339755
2,13,2.96816820161325,3.1304812008924,3.34872907340685,3.87383245582286,0.275793905175189,-0.0347854596339121,0.195993051043193,1.6616736598443
3,13,2.86539440446679,3.16343492776097,3.40680053761188,3.15628868173597,0.173020108028723,-0.00183173276534543,0.254064515248223,0.944129885757413
4,13,2.95548730960012,3.04004916878121,3.58595515530797,3.91146013717718,0.263113013162061,-0.1252174917451,0.433219132944318,1.69930134119862
1,14,2.6090076831239,3.09474567379954,2.13229482399931,1.57351644818306,0.0370419872583598,-0.070520986726776,-1.02044119836434,-0.638642347795498
2,14,2.71122429645787,3.11009298043973,2.92344233189101,0.500603416319134,0.139258600592331,-0.0551736800865861,-0.229293690472647,-1.71155537965943
3,14,2.62095434879647,2.52596952580331,4.17198153423452,2.45072725128355,0.048988652930932,-0.639297134723007,1.01924551187087,0.238568455304995
4,14,2.59522221004867,3.25366546291342,3.39393808150835,-0.694475981075847,0.0232565141831307,0.0883988023871081,0.241202059144696,-2.90663477705441
1,15,2.29164560597086,3.01845113678347,4.09087531041559,2.55998253658789,-0.356943744804462,-0.146815523742845,0.938139288051938,0.347823740609327
2,15,2.31015548723624,3.34511244831772,3.59116164528961,1.18334901694727,-0.338433863539083,0.179845787791408,0.438425622925955,-1.02880977903129
3,15,2.32418977087723,3.20820826710154,3.44911005102416,2.29785735601161,-0.3243995798981,0.0429416065752211,0.296374028660501,0.0856985600330513
4,15,2.3842375180759,3.02816587540135,3.84717698020642,2.0858589563828,-0.264351832699429,-0.137100785124968,0.694440957842769,-0.126299839595762
