rep,id,eta_Cl,eta_V1,eta_Q,eta_V2
1,15,-0.495225183178751,-0.522033587398636,-0.691030949510929,-1.58735365798798
2,15,-0.496426074066833,-0.77487308724923,0.251592569951902,-1.13940535733983
3,15,-0.49545373660111,-0.512426310531982,-0.919376459181106,-1.53037373030338
4,15,-0.536872266947752,-0.99719466800799,0.541325904484796,-0.896603556101811
5,15,-0.514139609775188,-0.823726931778686,0.625393996187697,-1.11919827622225
1,1,0.168350491832755,-0.333079467437722,0.460529578143118,0.525533770111388
2,1,0.100425673817167,-0.316706594949695,0.749357474726002,0.435869373355529
3,1,0.146670735128595,-0.182777349244406,0.409623267565079,0.640628725741433
4,1,0.092692166475524,-0.351112528558918,0.618187038494601,0.528798154241076
5,1,0.117870147001086,-0.295874719646303,0.418592584356699,0.606687919778297
1,5,-0.359307524109719,-0.288256977525714,-1.1384099236199,0.484180565836271
2,5,-0.403933270978504,-0.313820442711318,-1.02807384090223,-0.115201265738225
3,5,-0.382961975221802,-0.279443911242839,-1.08513397535138,-0.0561538766674579
4,5,-0.364790878464843,-0.24414803268019,-1.49994058183243,1.43019463553681
5,5,-0.379735274192933,-0.365190248324547,-0.968651152309697,-0.213270710855085
1,10,0.166012433704552,0.36130323070839,-1.22448615248569,0.426040582694061
2,10,0.067055497589243,0.257385747849396,-0.643521846115612,-0.312723087667854
3,10,0.08357440342238,-0.271514192175008,1.92855315900612,-0.29547575586151
4,10,0.181747156387737,0.050734018647157,0.564219633156419,-0.467044422273831
5,10,0.174624636945082,0.0658727131312475,0.243506577586037,-0.773678446689252
1,13,0.33262492883806,0.0852459747405931,2.26240511330916,1.652105250909
2,13,0.293628058061165,0.378375027396509,2.14181576538626,1.60250813866157
3,13,0.278467286238731,-0.710368048218823,2.01646494792657,1.65011144094646
4,13,0.297049946663565,0.583725673437952,2.13712236066698,1.44810011135743
5,13,0.358745591023266,0.923641296850601,1.86969541785901,1.34090641470203
1,12,-0.141318917605469,-0.0766983294450267,-2.76455403901406,0.0673633466422436
2,12,-0.127552934470227,-0.0805775005076734,-2.97896742389735,-0.0897015414500322
3,12,-0.174161406191989,-0.0875272287421223,-2.21774771188156,0.376093546605142
4,12,-0.153990237594495,-0.0887975188146601,-2.01644423338762,1.61253567041664
5,12,-0.145691409466993,-0.122672890635053,-1.8811326744361,0.0214265492901857
1,3,0.760125782531066,0.890454682885067,-0.232179751889098,-0.994292302587503
2,3,0.75237041550338,0.898192966319653,-0.165642683409667,-0.794769099181052
3,3,0.796180458232343,0.784204889982723,0.806701162033324,-0.481815769249474
4,3,0.73415753555429,0.876296458848957,0.453603528789948,-1.25857869608393
5,3,0.724632836592964,0.8737268208369,-0.00425827766814235,-0.573355935774153
1,4,-0.267525261117136,-0.769690334161093,1.03281551249982,-0.306731549610413
2,4,-0.264706524959371,-0.560449136218254,0.775349483010061,-0.474186620720335
3,4,-0.31252651496963,-0.325702535083473,0.356002281332542,-0.369352173766016
4,4,-0.374100186247676,-1.09518122071072,1.01021986210733,-0.14732788382817
5,4,-0.309451771877783,-0.212796033045431,0.0395996362816251,-0.76008124460107
1,9,0.086528803548795,-0.24791423015045,0.553993810962927,-0.284943026842436
2,9,0.0545262643503293,-0.835156050669958,0.992590829927893,0.0740588548066312
3,9,0.0852721692862941,-0.150509082125023,0.602153035508427,-0.429023092354113
4,9,0.0269906849490593,-0.198348819425822,0.459240617712846,-0.26499969593451
5,9,0.124455186050606,-0.139085946809987,0.293237425649341,-0.342558407832363
1,6,-0.132174720262371,0.254007936577172,-1.28544821277372,0.904497293959551
2,6,-0.146606015648828,0.24776923514332,-1.92956181458473,0.38787191004951
3,6,-0.198181767300583,0.220249685096107,-1.84283945544919,-0.591065558128335
4,6,-0.14816394348669,0.22952110613374,-1.26535272444918,0.345925209430017
5,6,-0.224105622525361,0.27105185965809,-2.43288121097721,-0.168886649976514
1,11,0.626342523018213,0.684614432715513,0.735428470653699,1.12231187221714
2,11,0.610341537979512,0.831976161264384,0.381836185976872,1.25352566523994
3,11,0.655949006676908,0.789885653507826,0.471142346082552,1.91876784226599
4,11,0.579959696281548,0.845866072502711,0.605721003536807,2.02146669313488
5,11,0.613175425428198,0.86590682082134,0.441592429575074,1.7354246175501
1,8,-0.563990070169418,-0.311480400853044,1.59947082669539,-1.03485441129099
2,8,-0.563259330087454,-0.240208894502357,1.52893841780384,-1.29866617249956
3,8,-0.518492984065941,-0.190859521338613,0.212631419111951,-1.56304906564538
4,8,-0.567974796606066,-0.311626927306478,1.74905865842616,-0.978827411722275
5,8,-0.569941611531757,-0.391679609504761,2.98672519475569,-0.826751381240293
