rep,id,eta_Cl,eta_V1,eta_Q,eta_V2
1,11,-0.138812953379959,0.0273611944645453,-0.445059455557745,0.389330402154896
2,11,-0.195583329572275,-0.109711229112547,-0.466351121003944,0.0695748629203972
3,11,-0.156509625468509,-0.12990147743534,-0.241323856553838,-0.345086145655197
4,11,-0.092197296635665,-0.0928226811802162,-0.509398233458738,0.111204854418589
5,11,-0.198462581125595,-0.179148843289231,-0.043087639104785,-0.211687422963868
1,5,0.253465243150778,0.288674740282805,-0.961583036473499,0.478618573661891
2,5,0.222836781254554,0.138704819667842,-0.221710719132669,-0.448259509112406
3,5,0.25460265320097,0.195285004875792,-0.462750948096326,0.25316427069684
4,5,0.205893780273617,0.275535174899799,-0.447590059091304,0.543570229581522
5,5,0.213553023294704,0.205423905860528,-0.445798136514094,0.25163546742375
1,3,-0.0940044803291356,0.124189048055804,-0.778995901955444,0.302805023108833
2,3,-0.0496786363082431,0.137925126973149,-3.29496828510529,-0.050918752735285
3,3,-0.0500582866142034,0.137123209990526,-1.67956263586501,-0.176873522510615
4,3,-0.102167650571114,0.0775885407159587,-1.27705406566145,0.206920876444496
5,3,0.00135027705409829,0.147382076026129,-2.14405381799831,-0.202316800871492
1,4,0.294160515558107,0.263996289804069,0.521292801528399,-0.412019714087677
2,4,0.25816140378923,0.166211062033623,0.850350605400951,0.0941822114735609
3,4,0.276176600931958,0.0681174462725562,1.48867199333658,-0.0731427758624084
4,4,0.316948876552632,0.282977565022343,0.927990866518549,-0.308776584202971
5,4,0.33283769101279,0.377568136137358,0.450251213200032,-0.413542953096199
1,7,-0.75160270808243,0.248070396747293,1.465318817289,-0.391446892027432
2,7,-0.765291778615809,0.627268753603409,-0.73544613673665,-0.381972673311981
3,7,-0.739456334195343,0.572852012570777,0.442477749396025,0.16359999327746
4,7,-0.731937818970147,0.461867792872604,0.204673044762823,-0.263671585455938
5,7,-0.737024008859942,0.56562623704552,-0.378487156428164,-0.57670296581537
1,10,1.1315101905523,0.905392703014508,2.25492791686949,0.233739851950546
2,10,1.17295201393999,1.04200403980024,1.42135011029283,-0.112103982451501
3,10,1.16452379119013,1.12463045959038,0.624574541969013,0.298608101531352
4,10,1.19647352837692,1.22515764537217,-0.504094847110887,-0.292917527305621
5,10,1.16510431842259,1.27906096329333,-0.809436342865887,0.200088019115641
1,12,-0.237202942458583,-0.199722027102881,-2.28003397588248,-0.0312489301559125
2,12,-0.270043585335737,-0.200494158104186,-3.17987057401681,0.445791471085719
3,12,-0.28474872118543,-0.2389416824759,-1.69924227322934,0.615135019017615
4,12,-0.240429807438458,-0.314216500602782,-2.33227585512549,0.094171770094265
5,12,-0.303192985995656,-0.294465167304262,-1.32224632584294,-0.0924705377912467
1,1,0.00906224646780585,-0.478935554498742,0.290180519446737,0.502722502558351
2,1,0.0263867296776108,-0.411724473240953,0.247610550374365,0.369791332819644
3,1,0.0979801035185202,-0.479565954748994,0.181194062762894,0.0122143671881556
4,1,0.107610414106615,-0.481523344506502,0.276899850550055,0.433101823637849
5,1,0.0250972748875591,-0.576188449914169,0.506553550405194,0.0741076540561139
1,14,0.0894113929850846,0.225830337885108,1.41622713994836,-0.0557772543471247
2,14,0.135969844821899,0.310003966152187,1.08494167790225,-0.293125574085445
3,14,0.123123393663136,0.304979068055917,1.03141141776417,-0.408414718773929
4,14,0.116976378397394,0.288304098861064,1.22331118448839,-0.240151324779416
5,14,0.10183416776488,0.467134339268753,0.656032461777166,-0.67166759941388
1,8,-0.677354560979615,-0.0892578498145205,-3.79321855139198,0.346739113015987
2,8,-0.625376985090931,-1.56262451889921,2.51587191181344,-0.363040884428837
3,8,-0.712330740638815,-0.11605132529587,-3.79925787345596,0.361012841484062
4,8,-0.567999250435044,-1.05293952941019,2.61491903687241,-0.600235465127379
5,8,-0.667232397317669,-0.987449875742887,1.25450453987149,-0.671975256845351
