rep,id,eta_Cl,eta_V1,eta_Q,eta_V2
1,12,-0.298676138144006,-1.18122953120319,1.86583080009221,-0.598285711353858
2,12,-0.428098807825423,-0.234128651861584,-2.05908565664798,0.250880659359991
3,12,-0.407639523772534,-0.280668765106123,-2.07502783444096,-0.744578128424122
4,12,-0.439588394516981,-0.215466618179788,-2.1064053884969,-0.256941166351294
5,12,-0.427111280193492,-0.19805555571445,-2.24927975632709,-0.483953889718479
6,12,-0.41133292310032,-0.229803186297725,-2.44729310796281,-0.308507936714838
7,12,-0.38510556303949,-0.254416362225501,-3.13682811568744,-0.755541352169609
1,7,0.519113498048204,1.83830613672445,1.33092007337001,0.835768544752131
2,7,0.521792478330544,1.93181840859311,1.02183457703208,1.39871829196452
3,7,0.505916282814851,1.84683227970345,1.11150831171652,1.03292468748713
4,7,0.525753823764989,1.95737873715623,0.670332344248604,0.775737045422192
5,7,0.524663020282036,1.86844221998154,0.373669820701205,0.695739579916646
6,7,0.502935200442795,1.94876295435957,0.883553558972018,1.26473820912214
7,7,0.495756845484741,1.89312448940323,0.716027700558338,0.67232252923038
1,15,-0.0551485786761252,-0.0614653163440604,-0.0151065230233312,-0.809902526610747
2,15,-0.0250873621706718,-0.325530452246669,0.582212209422251,-0.472519851059476
3,15,-0.0601789667724089,-0.516488511468102,1.02320609361581,-0.299166780874805
4,15,-0.056316252990094,-0.831742789116157,1.022780791614,-0.146311905357687
5,15,-0.0758482573491626,-0.0985411189970176,0.0973730123405812,-0.655761745239051
6,15,-0.0627536168256979,-0.638614323395545,1.047090673655,-0.235783487149973
7,15,-0.0300883532240261,0.00199940106241403,-0.513756831676308,-0.912966484745184
1,9,0.820725678981014,-0.986595360461534,1.19301663907519,0.965716485641553
2,9,0.864172718259379,-0.995199856281667,1.29536845631353,0.911529115760326
3,9,0.776414081595337,-1.40517845807644,1.00695287887652,0.874389979487338
4,9,0.854278412893506,-0.470734675481813,1.58738228005627,1.05720826118636
5,9,0.902110808643209,-0.214753533463115,1.63614099753792,1.0542619541967
6,9,0.940838448700735,0.14923445282675,1.71428584702022,0.884410475846288
7,9,0.832522416621036,-0.71051526886286,1.35147008517131,1.04566429815577
1,4,0.14105113614493,-0.301723239315007,1.19811689405069,0.287922137457913
2,4,0.198857130128868,0.122426789209885,0.936992222143189,-0.0714977413232032
3,4,0.111433429210421,-0.551804337538378,1.28269789427307,0.399609421890145
4,4,0.15390540373678,-0.685131355592718,1.3570347287245,0.366331259253588
5,4,0.156435238584213,-0.279195304251806,1.22504523299824,0.243746576743868
6,4,0.159739848147779,-0.246261715151475,1.21045871427128,0.231190392181756
7,4,0.172130302423074,-0.0595079360344148,1.07891857130064,0.10122545087856
1,6,-0.425998487905324,0.0547453717989987,-2.39073250167028,-0.478210261045419
2,6,-0.361128912653495,0.0418687769140171,-1.77991887636896,0.2715253020524
3,6,-0.413768897079802,0.100149945045876,-2.34592272025658,1.36508421798347
4,6,-0.352603277774794,-1.96713405621358,2.32497389748445,0.000177181415158323
5,6,-0.361479891077731,0.0949989631574133,-2.87660913793556,0.375459996440213
6,6,-0.386876954042936,0.0685846544629776,-2.59965107804981,0.639712162959558
7,6,-0.361208628285981,0.104332409420157,-2.20052761601452,-0.860313487469289
1,10,0.0341460966480693,-0.264013971281362,1.52356973268618,-0.839190167652041
2,10,-0.0926688741660788,0.196122353019478,-2.10061680978142,1.81186707724871
3,10,-0.111863845724761,-0.558720304270921,0.585430232222755,-0.288046391072518
4,10,-0.103832663328029,-0.176294507201161,0.643652659750133,-0.779006853131631
5,10,0.0214480949893314,0.168183946019221,-2.03119879257513,-1.51685682370846
6,10,-0.093690315699885,0.236185872090222,-1.88687528393335,0.0996065985812256
7,10,-0.0640028649382662,-0.410149854770202,0.701749596659237,-0.471229347741402
1,14,-0.729250033741504,-1.07969401902944,0.823283799081099,-0.352558183023496
2,14,-0.680119111557043,-0.165492725996271,0.316880520046265,-1.33264051327784
3,14,-0.724552769792719,-0.910507286141058,0.689325205974412,-0.295236095455646
4,14,-0.769974555061192,-0.72696686350027,0.977544423851973,-0.509825056144138
5,14,-0.732029086648714,-0.997750659259845,0.788417427880835,-0.27530930709978
6,14,-0.725526201584668,-0.658889148566858,0.90986134864782,-0.654690140503396
7,14,-0.695998486588542,-0.590850303057657,0.59461781771898,-0.652214082234588
